1.375567203333719E-6 1.387668391200324E-6 8.932023852055639E-7 1.1259428076732458E-6 9.354640950468509E-7 8.469596624161986E-7 8.704050163040107E-7 3.099371190261884E-6 7.680093214052121E-7 0.3264561589867351 8.511036428873505E-7 1.3652301079101254E-6 1.1114518534950948E-6 5.392546502240334E-7 2.9558962080544864E-6 0.6735194732672999 8.537475183583631E-7 8.919707790026994E-7 3.8034950537687127E-6 6.930060785844859E-7
5.444667073332355E-6 5.492565088758889E-6 3.5354067796648563E-6 4.456622487463191E-6 3.702683914128317E-6 3.352372297930843E-6 3.4451719416169E-6 0.9147517959986822 3.0398769715744805E-6 0.08515806436936478 3.3687746910448487E-6 5.403751556482044E-6 4.39926547801739E-6 2.134437365982946E-6 1.1699806972118979E-5 5.956743934161849E-6 3.3792394809061705E-6 3.5305319282408056E-6 1.505470923775661E-5 2.743004753634513E-6
1.4647275074229378E-5 1.4776130594321397E-5 9.51097191133721E-6 1.198923177426115E-5 9.960981832809888E-6 9.018571482455477E-6 9.268221624429764E-6 3.300263503729906E-5 8.177894735300157E-6 1.6855341967922523E-5 9.06269729594979E-6 1.4537203912478072E-5 1.18349296133627E-5 5.74207583442401E-6 0.9997391227489443 1.602486722792682E-5 9.090849734588976E-6 9.497857557641684E-6 4.0500266479656004E-5 7.379247365406537E-6
1.0886898664399484E-6 1.098267326974287E-6 7.069232118188086E-7 8.911251460008974E-7 7.403711561512473E-7 6.703245028823321E-7 6.888802805505549E-7 2.4529910272624623E-6 6.078394160015666E-7 1.2528091336348902E-6 6.736042478011805E-7 1.0805085932830899E-6 8.796563097778726E-7 4.2679199657182836E-7 0.9999806097435756 1.1910823326302168E-6 6.756967376675024E-7 7.059484595935057E-7 3.010268427391798E-6 5.484782519587149E-7
3.557611223191005E-6 3.588908364954665E-6 0.34485825652366286 2.9120109577646976E-6 2.4193783883225523E-6 0.010397826406100152 0.10691603849116693 0.12388835039404247 1.986292327066791E-6 0.22451306861491482 0.18937651411900205 3.5308765303275465E-6 2.874533195068701E-6 1.3946671534080868E-6 7.644795178946354E-6 3.89220842861911E-6 2.208035889284224E-6 2.3068922015935654E-6 9.836928837616325E-6 1.792312434417372E-6
8.584898273045412E-6 8.660421640108861E-6 5.574465279229969E-6 7.026995439929013E-6 5.838220099025852E-6 5.285865005791327E-6 5.43218717574029E-6 0.2718987114861636 4.793136882760372E-6 9.879065929921504E-6 5.311727537773848E-6 8.520384585575076E-6 6.93655757022894E-6 3.3654817476168676E-6 1.844771247113841E-5 0.7279586737782618 5.328227932600241E-6 5.5667788398190705E-6 2.373756661260583E-5 4.325042551778967E-6
3.838544143428279E-7 3.872312718094284E-7 2.492496750662347E-7 3.141962937001485E-7 2.610428785105583E-7 2.363455630527243E-7 2.4288802972673026E-7 0.9999932033465747 2.1431433343523066E-7 4.417202098585827E-7 2.3750194799193124E-7 3.809698299326929E-7 3.1015256779868595E-7 1.5047994561206097E-7 8.248479645713597E-7 4.199563395597016E-7 2.3823972602855598E-7 2.489059932188078E-7 1.0613718928285048E-6 1.9338454841492137E-7
9.324676050669208E-8 9.406707416647484E-8 6.054828051687944E-8 0.9999982151674754 6.341311149469227E-8 5.741358518053592E-8 5.9002895607298885E-8 2.100997482342209E-7 5.206171031587538E-8 1.0730364711362248E-7 5.769449675912069E-8 9.254603090296017E-8 7.53429454747132E-8 3.655492010837175E-8 2.003738858611242E-7 1.0201671976401026E-7 5.7873719426146735E-8 6.046479256488498E-8 2.578307999094817E-7 4.697740080080416E-8
5.2826160760660604E-6 5.329088490797015E-6 3.430181577339297E-6 0.8264849615258518 3.592480000323332E-6 3.252594796979789E-6 3.342632421500535E-6 0.17342582670276507 2.949400347719317E-6 6.078966906547501E-6 3.268509001536831E-6 5.242918338047762E-6 4.26832903170212E-6 2.070909569131213E-6 1.1351582670776449E-5 5.779451864327343E-6 3.2786623252221E-6 3.4254518173458432E-6 1.4606632135392402E-5 2.6613640123649826E-6
1.8574215437176088E-7 1.8737617174245223E-7 1.2060867321931014E-7 1.5203549654991356E-7 1.2631525085094514E-7 0.1850480592044118 1.1753035585064939E-7 0.465638084157146 1.0370391616613024E-7 0.09914068499406925 0.07508818082307957 1.8434634152505187E-7 1.5007879022438534E-7 7.281528684665978E-8 0.03437225376257496 0.14071049362250035 1.1528110219923246E-7 1.2044237004713268E-7 5.135840427991427E-7 9.357626564303892E-8
8.614709007139197E-7 8.690494626234272E-7 5.593822398775105E-7 7.051396415441523E-7 5.858493097192821E-7 0.019215279460920547 5.451050239959946E-7 0.5516783618033384 4.809780869042157E-7 0.16949973437040497 5.330172310463163E-7 0.1625388029108046 6.960644503664317E-7 3.37716825551536E-7 0.020532946083287082 9.424931760141332E-7 5.346730002285627E-7 5.586109268494482E-7 0.07652623181485926 4.340061098225838E-7
0.14162471967501417 0.1878425201669402 3.897076729309205E-6 4.912532240167088E-6 4.0814662122430125E-6 3.695317932123663E-6 3.797610922558953E-6 1.352267698913604E-5 0.06771309938087453 6.906398374433258E-6 0.25774578373441365 5.956552033237565E-6 4.849307643761469E-6 0.053845918098319796 1.2896690064269268E-5 6.566115192684135E-6 3.7249336114727775E-6 0.2911335338572534 1.659479677787959E-5 3.023612461021228E-6
2.624636266490968E-6 2.647725808365286E-6 1.7042652426178943E-6 2.1483431124643663E-6 1.7849022453499593E-6 1.6160323107770413E-6 1.660766967103198E-6 5.913721997415706E-6 0.016301026890522683 3.020298423353274E-6 1.6239391883224323E-6 2.604912682304613E-6 0.08616482450099991 1.0289190585685475E-6 5.63996609459784E-6 0.2226026438329382 0.5635333602386917 1.7019152895961592E-6 0.003920310313862554 0.10744211387829763
1.2836949531906963E-5 1.2949879192881183E-5 8.335466208320935E-6 1.0507426291413662E-5 8.72985728936002E-6 0.14503984157201177 8.122718569862949E-6 2.8923684319902364E-5 7.1671503035399196E-6 0.2509104045714845 7.942595958735206E-6 1.2740482582173365E-5 1.0372195059523807E-5 5.032385704599164E-6 2.758475947404855E-5 0.6038302552046121 7.967268905217051E-6 8.323972719212559E-6 3.549464826666696E-5 6.467211514300377E-6
4.2511678986874454E-6 4.288566421471226E-6 2.7604273334043314E-6 3.479707794819582E-6 2.8910364550710217E-6 2.617514956463661E-6 2.6899724384243244E-6 9.578555870062793E-6 2.3735202214315063E-6 0.22443948725683502 2.6303218601969383E-6 4.219221274688306E-6 3.434923738414189E-6 1.6665576590474843E-6 9.135148788862492E-6 0.7754852046236057 2.6384927140114644E-6 2.756621074618317E-6 1.1754639130860816E-5 2.1417239286701006E-6
1.848654493483849E-7 1.8649175413901058E-7 1.200393989475019E-7 1.5131788732433092E-7 1.2571904146958753E-7 0.005577965435807623 1.1697561127087459E-7 4.1653119265753995E-7 1.0321443253461902E-7 0.0231180414104367 0.311554676958887 1.8347622475375332E-7 1.4937041667430492E-7 7.247159788723671E-8 3.972492797188383E-7 0.659746269567222 1.1473697412157432E-7 1.198738807281368E-7 5.11159920436709E-7 9.313458463403212E-8
7.210768666027041E-7 7.274203492096425E-7 4.6821963740134025E-7 5.902229347742791E-7 4.903733651405402E-7 4.4397904953960454E-7 4.5626918140436785E-7 1.62470060415547E-6 4.025930202889451E-7 8.297787206256912E-7 4.4615133777543864E-7 7.156581270749271E-7 5.82626728781914E-7 2.826790668911782E-7 0.1609454028884316 7.88894930277383E-7 4.475372660206783E-7 4.6757402536617556E-7 0.839043748080284 3.632760729328731E-7
1.6842126276520011E-6 1.69902904183019E-6 1.0936163151944072E-6 0.7670886867336518 1.1453605740051434E-6 1.0369977963244386E-6 0.04226941325531094 3.794798308486141E-6 9.40332827164167E-7 0.07115508582593838 0.11945862262023628 1.6715561274072534E-6 1.3608359098319703E-6 6.602509053910919E-7 3.619130862940601E-6 1.8426146573301132E-6 1.0453086899432818E-6 1.092108365081805E-6 4.656911260464597E-6 8.485005936190711E-7
9.52369303406068E-6 0.23484996290761295 6.184056521101045E-6 7.795426968744712E-6 6.4766540406170105E-6 5.8638965930090155E-6 6.026219708129311E-6 2.1458391667908196E-5 5.31728657577336E-6 1.0959383371521743E-5 5.8925873017222986E-6 9.452124503319679E-6 7.695099337329186E-6 3.7335113424316727E-6 0.20123111033962207 1.0419406723566525E-5 5.910892084175081E-6 6.1755295371874275E-6 0.563785244589295 4.798004159434434E-6
0.5928011887484451 2.4298595157123526E-6 1.5640309521436644E-6 1.9715681806416292E-6 1.6380327947015247E-6 1.48305820626668E-6 1.5241119022395815E-6 5.4271154601048075E-6 1.3448131913980038E-6 2.771775249948192E-6 1.4903144718446865E-6 2.3905692382118485E-6 1.946193975157944E-6 9.442551632278601E-7 5.175885373007938E-6 2.6352079032632076E-6 1.4949439971782148E-6 1.5618743633861355E-6 0.4071598041619228 1.2134796938326502E-6
3.013907565140323E-6 0.014522698742633379 1.9570322841721106E-6 2.466973287628213E-6 2.0496289139098138E-6 1.8557131398149427E-6 1.9070825889255477E-6 6.790812004581999E-6 1.6827306570494728E-6 3.4682521091945556E-6 1.8647927209953675E-6 2.9912586898085756E-6 2.435223187511123E-6 1.181522550049499E-6 0.16511871493872615 3.297368850100531E-6 1.870585528692485E-6 1.954333799326666E-6 0.8203162807043829 1.518396380687257E-6
1.7361386321254409E-6 1.751411851564596E-6 1.1273336289959193E-6 1.421081282853954E-6 1.1806732164310625E-6 1.0689695030595672E-6 1.0985604852593717E-6 0.5667644696481154 9.693242536552037E-7 1.9978603665115604E-6 1.0741997270495724E-6 1.7230919189838554E-6 1.4027918780876322E-6 6.806071186767782E-7 3.730712383167656E-6 0.433206689130467 1.077536630061384E-6 1.1257791872331493E-6 4.800488615889848E-6 8.746607380667494E-7
1.4175659437564305E-6 1.4300366044098135E-6 9.204735901530799E-7 1.1603200300987903E-6 9.640256321403665E-7 8.72818987154472E-7 8.969801732674683E-7 0.999974900107782 7.914581387757836E-7 1.6312630590336987E-6 8.770894914041081E-7 1.4069132367172296E-6 1.145386638923355E-6 5.557191428505015E-7 3.046145464693925E-6 1.5508895627620845E-6 8.798140895321802E-7 9.192043806189555E-7 3.919623150589296E-6 7.141649011671219E-7
4.200229474428427E-6 4.237179879926412E-6 2.7273512888922914E-6 3.438013174382534E-6 2.8563954234754065E-6 2.5861513193328293E-6 2.657740599885124E-6 9.4637835170702E-6 2.3450801826214733E-6 4.833411250656352E-6 2.5988047679423958E-6 4.168665641870532E-6 3.3937657303433385E-6 1.6465886004001212E-6 9.025689436570282E-6 4.595265625410644E-6 2.6068777167980766E-6 2.723590637532166E-6 0.9999277793544087 2.116061323775579E-6
1.1321134143918992E-6 1.1420728820795977E-6 7.351195925632548E-7 9.266686159103727E-7 7.699016435677462E-7 6.970611053726834E-7 7.16356999878768E-7 2.55083117144072E-6 6.320837346468211E-7 1.302778752316959E-6 7.004716663899853E-7 1.123605822493417E-6 9.147423330121877E-7 4.438150472127317E-7 2.4327490075210303E-6 1.238589912502177E-6 0.999978106241279 7.341059613134459E-7 3.1303361707736088E-6 5.703548877286548E-7
1.8889831418154214E-5 1.905600970315955E-5 1.2265807470500598E-5 1.5461890754508575E-5 1.2846161939849766E-5 1.163078416106827E-5 1.195274500849645E-5 0.667463066646359 1.0546606936946482E-5 2.173746083526376E-5 1.168769093545957E-5 1.87478783464091E-5 1.5262895255888022E-5 7.405257561753915E-6 0.3322430552732991 2.0666440610952202E-5 1.1723997676283997E-5 1.2248894568325202E-5 5.223109433710015E-5 9.516632822076079E-6
0.11017313139209176 4.285967510712305E-6 2.7587544890104364E-6 3.47759905983985E-6 2.889284460346188E-6 2.615928718286742E-6 0.06101721983522178 9.572751176964688E-6 0.3416581895775635 4.8890639938052925E-6 2.628727860918376E-6 4.216664387727163E-6 3.4328421429852024E-6 1.6655477097532922E-6 9.129612804540897E-6 4.648176318147044E-6 2.636893763120218E-6 2.754950536852311E-6 0.4870877160041656 2.140426024239148E-6
0.47557158837302166 1.303763240246731E-6 8.391950435106537E-7 1.0578628529506204E-6 0.2957014612149624 7.957483796794308E-7 0.007003081595124964 0.037851247034149604 7.215717586165038E-7 1.4872212396397415E-6 7.996417950233624E-7 1.2826816842254836E-6 1.0442480920370055E-6 5.066487026385754E-7 2.7771684088823013E-6 0.1838541412469299 8.021258089799782E-7 8.38037906183078E-7 3.5735173236982347E-6 6.511035750727553E-7
7.542810467735867E-7 7.609166343545537E-7 4.897802364440847E-7 6.174015471732124E-7 5.129541000403324E-7 4.644234168959806E-7 4.772794853087906E-7 1.69951489106811E-6 4.2113164189830987E-7 8.679884086876998E-7 4.6669573475876073E-7 7.486127848829206E-7 6.094555507437002E-7 2.956958853502332E-7 0.4746483648754293 8.252219997120743E-7 4.68145482290529E-7 4.891048952367208E-7 0.5253402865166031 3.800042259719025E-7
0.2661403317555102 7.071456615262386E-6 4.551694018314072E-6 5.737722186523938E-6 4.767056600271398E-6 4.316044485579709E-6 4.435520293992212E-6 0.1313075339200639 3.913719322911385E-6 8.066510965149561E-6 4.33716190693345E-6 6.957112764949303E-6 0.11612338942545816 0.27548015459013947 1.5063030855949031E-5 7.669068207286563E-6 4.35063490293738E-6 4.545417843194806E-6 0.21085927664957502 3.5315082838950835E-6
1.6520654085088018E-6 0.2198848758841138 1.0727420367535992E-6 0.042162087502198964 0.2924612312120086 1.0172042174958962E-6 1.0453622442752718E-6 3.7223655224920425E-6 9.223843300646448E-7 1.9011131608215883E-6 1.0221811657491944E-6 1.6396504877892719E-6 0.16720058496656778 6.476484404786338E-7 0.047057499101616516 1.8074439572574965E-6 0.2312107995817286 1.0712628694692047E-6 4.5680229904762476E-6 8.323049339509482E-7
5.110025315457793E-7 5.154979408718811E-7 3.318112549620302E-7 4.182708221760403E-7 3.475108446760135E-7 3.1463277880058407E-7 3.233423752206087E-7 0.020376577866184842 0.027717345732282395 0.899751635103495 3.161722052323156E-7 5.071624560354844E-7 4.1288765060026915E-7 2.0032499375129587E-7 0.01584074730888146 5.590628754943641E-7 3.171543652136709E-7 0.02307811978170548 1.4129412190773629E-6 0.013229086433137253
2.940586936399001E-6 2.9664559705466666E-6 1.909422716047919E-6 2.406958164859003E-6 1.999766707652249E-6 1.8105684061978618E-6 1.8606881685727326E-6 6.625608993182755E-6 1.6417941428696092E-6 3.3838784448457214E-6 0.3985104294224614 2.9184890500221948E-6 2.3759804631160738E-6 0.007876632391263882 0.30673013361112295 3.2171523364696075E-6 1.8250789880591573E-6 0.1734283662772603 0.11341507441070518 1.4814576972988852E-6
4.211583901459948E-6 0.04150878308525828 2.7347241030177065E-6 3.4473071117637163E-6 2.8641170809720922E-6 2.5931424293725567E-6 0.5232672561657273 9.489366842943269E-6 0.1461046910851882 0.061490140945215474 2.6058300838891594E-6 4.179934742794087E-6 3.4029400541706105E-6 1.6510398024661037E-6 0.22756822919683206 4.607687948655562E-6 2.6139248562450255E-6 2.7309532855364874E-6 1.1645187889778124E-5 2.121781645496406E-6
1.9648944063346493E-7 1.9821800440639232E-7 1.2758725027477966E-7 0.7002020506224941 1.3362401802178862E-7 1.2098182473669607E-7 1.2433081739929025E-7 4.427218895697148E-7 1.0970436166148306E-7 2.2611009202591274E-7 1.215737612140992E-7 0.2997943833938217 1.5876254715510028E-7 7.702847547159006E-8 4.2222756626039085E-7 2.1496948626169945E-7 1.2195141896222288E-7 1.2741132458151285E-7 5.433006935308734E-7 9.899071190898521E-8
1.3125344735719508E-5 0.12594879501974518 8.522730984118817E-6 1.0743486372457493E-5 8.925982464267162E-6 8.081493597346457E-6 8.30520375231576E-6 2.957348447793492E-5 7.328167667315243E-6 1.5103981651622217E-5 8.121034502458283E-6 1.3026710557271606E-5 1.0605217032597692E-5 5.145443397732091E-6 0.45970882283172354 1.4359797685559568E-5 8.146261751923997E-6 8.510979282019441E-6 0.4141581443245816 6.612504037117394E-6
0.15351036030576318 0.12671114208474465 4.2514792918228495E-7 5.359280953440364E-7 0.15226025822152495 0.2766438558402445 0.1431426143378942 1.475243757890074E-6 3.655583303362678E-7 7.534470504302018E-7 4.051097011006975E-7 0.1349849178140486 5.290306673223922E-7 0.012737267471978366 1.4069523016812274E-6 7.163241760027736E-7 4.0636813726268575E-7 4.2456170725163547E-7 1.8103937837040193E-6 3.298581643992398E-7
1.6832017296657428E-6 1.6980092507368439E-6 1.0929599048857453E-6 1.377750848368059E-6 1.1446731057610561E-6 1.036375369579236E-6 1.0650640880373022E-6 0.707737957944408 9.397684206600321E-7 1.936943261510191E-6 1.0414461179075179E-6 1.6705528261046917E-6 1.360019108996796E-6 6.598546096385682E-7 0.04341987092974166 0.24881782626567775 1.044681274834089E-6 1.0914528598748548E-6 4.6541160895552075E-6 8.479913066517691E-7
2.9711515346263473E-7 2.9972894527255353E-7 1.9292693451136254E-7 2.431976200662779E-7 2.020552376394512E-7 1.8293875389409095E-7 1.880028248471355E-7 6.69447588311603E-7 1.658859028021507E-7 0.9999944116381384 1.8383383149600563E-7 2.9488239617844275E-7 2.4006765152382726E-7 1.16476118192157E-7 6.384577600769263E-7 3.250591568407697E-7 1.844048944469122E-7 1.9266091416347782E-7 8.215345741374462E-7 1.496856037932269E-7
1.7847449213138812E-7 1.8004457416986988E-7 0.2422263743896912 1.4608669811366522E-7 1.213728263264873E-7 1.0988972057429222E-7 0.7577702921716709 4.0213135190198044E-7 9.964622103360328E-8 2.0537940211955188E-7 1.1042738591568651E-7 1.7713329422308644E-7 1.4420655319513499E-7 6.996619256040424E-8 3.835160312393908E-7 1.952602122567591E-7 1.1077041847040578E-7 1.1572973780760038E-7 4.934886833565784E-7 8.991484212445612E-8
3.491176400207273E-6 3.521889099224797E-6 2.266939107214226E-6 2.8576320725046434E-6 2.374198922418263E-6 2.149575519239533E-6 0.13809507797622683 7.866174425139748E-6 0.4571149522849857 4.01746890104952E-6 2.160092902024426E-6 3.4649409509307276E-6 2.820854169454441E-6 1.3686231425128253E-6 0.23538624583453266 3.819525338267499E-6 2.1668030326724355E-6 2.263813302455746E-6 0.13969547254120268 0.029661641655766808
0.18106166953477726 0.17718627523431899 1.1664747512653853E-6 0.025711152905841778 0.032522505756384365 1.106084217768159E-6 1.1367026014599138E-6 4.047613730238238E-6 1.0029792765829503E-6 2.06722625330108E-6 1.1114960355928762E-6 0.25648010956470496 0.32701196656749504 7.042378574078885E-7 3.8602430436446415E-6 1.9653725390015E-6 1.1149487961693233E-6 1.1648663391485584E-6 4.967162000722824E-6 9.05029035447769E-7
7.712076146173076E-7 7.77992109192362E-7 5.007712303662387E-7 0.18600919413843192 0.19846233271287644 4.7484538694007495E-7 4.879899540698073E-7 1.737653134403428E-6 0.5241281514863189 8.874666452814211E-7 4.771686971254534E-7 0.0913872804675726 6.231321382325703E-7 3.0233149748167816E-7 1.6572143172251527E-6 8.43740529673825E-7 4.786509779550657E-7 5.00080734053476E-7 2.1324180603493333E-6 3.885317732824539E-7
1.5487802968824057E-6 1.5624052810280356E-6 1.005675514785542E-6 1.267722894028403E-6 1.0532588704777372E-6 0.8034149843240398 9.80007473493255E-7 0.19655854606878814 8.64717988282719E-7 1.7822578878895647E-6 9.582756476849302E-7 1.5371415418435716E-6 1.2514072212937273E-6 6.071582509710186E-7 3.328106249966666E-6 1.6944447685314884E-6 9.612524431675437E-7 1.0042888232332196E-6 4.2824357721563475E-6 7.802702459975711E-7
2.1502041554168424E-7 2.169120006545885E-7 1.3962004005639994E-7 1.7600062708338445E-7 1.46226137082814E-7 1.3239165496125457E-7 1.360564920722744E-7 0.7900166356335327 1.2005061114296753E-7 0.14477737460505272 1.3303941713582825E-7 2.1340458277968728E-7 1.7373548803279485E-7 8.429305285335962E-8 0.05756400851170869 2.352433195176016E-7 1.3345269189335362E-7 1.394275227610749E-7 0.007639478049098181 1.0832655404186647E-7
0.04229382658267021 5.51537780292154E-7 3.550090670162259E-7 4.475132537557166E-7 3.718062570257587E-7 3.366295976533397E-7 3.4594810524740737E-7 0.128717804145659 0.6048598235661984 6.291469769917878E-7 3.38276649503138E-7 5.42619539422851E-7 4.4175373026118814E-7 2.143302497072226E-7 0.14226596506309663 5.981484559810192E-7 3.3932747491495695E-7 3.5451955716240963E-7 0.08185643863593121 2.7543974968028236E-7
2.429938386002853E-7 2.451315124879755E-7 1.5778413130381614E-7 1.9889770868179737E-7 1.6524965903321955E-7 1.49615357949316E-7 1.5375697787507068E-7 5.475036777146103E-7 1.356687864008179E-7 0.9999954295919127 1.5034739177458416E-7 2.4116779150431724E-7 1.9633788276257216E-7 9.525929167504458E-8 5.221588333586669E-7 2.65847673443705E-7 1.508144321692123E-7 1.5756656816465968E-7 6.718871029817642E-7 1.2241946943810748E-7
1.901793631000622E-5 1.9185241563842433E-5 1.2348990316588672E-5 1.5566748431588222E-5 1.2933280567305394E-5 1.1709660478920199E-5 1.2033804763491217E-5 0.6328654330210052 1.0618130706066237E-5 2.1884877453644082E-5 1.1766953177146267E-5 1.8875020557202633E-5 1.5366403408121976E-5 7.455477688026352E-6 0.19354117823247455 2.0806593907232418E-5 1.180350613886086E-5 1.233196271643339E-5 0.17335010298670517 9.581171630892321E-6
2.421545291892261E-7 2.4428481947483796E-7 1.5723913926993606E-7 1.9821070888091207E-7 1.646788807995004E-7 1.4909858115082104E-7 1.5322589577319543E-7 5.456125804261526E-7 1.352001815593573E-7 2.7865916205444263E-7 1.4982808650506995E-7 0.999995407053893 1.9565972469198364E-7 9.493026267392156E-8 5.203552780692544E-7 2.649294260695544E-7 1.5029351372546775E-7 1.5702232760164505E-7 6.695663809095162E-7 1.2199662821139928E-7
2.6767453898794797E-6 2.700293347954882E-6 1.7381014617344807E-6 2.1909959850766675E-6 1.820339419074501E-6 1.6481167668813867E-6 1.6937395781705772E-6 6.031132121317898E-6 1.4944856241655617E-6 3.080262962143657E-6 1.6561806263533368E-6 2.6566302166965262E-6 2.162797730060616E-6 1.0493470587696659E-6 0.9999523254683519 2.928496205499209E-6 1.6613253996957785E-6 1.7357048531081082E-6 7.401301678096067E-6 1.3485352235164094E-6
1.5657205961826767E-7 1.5794946081212435E-7 1.0166754250076146E-7 1.2815890345635557E-7 1.0647792394690489E-7 9.640402768887844E-8 9.907266309818262E-8 3.527816958740909E-7 8.741761287054273E-8 1.8017519259477017E-7 9.687571061052244E-8 0.9999970302970004 1.2650949037351357E-7 6.137992461559277E-8 3.364508518313656E-7 1.7129783214082148E-7 9.717664612778938E-8 1.0152735660555125E-7 4.3292763368925267E-7 7.888047111692303E-8
6.688773632950942E-6 6.747616346075658E-6 4.343247315414834E-6 5.474960835009427E-6 4.548747279200497E-6 4.118389450121337E-6 4.2323938146627E-6 0.5621761426427729 3.7344889340382587E-6 0.06700833220198935 4.138539790463655E-6 6.638508919498148E-6 5.404497747500352E-6 2.622156356391142E-6 1.4373213151824253E-5 7.3178600690228315E-6 0.28941980081296614 4.3372585603209835E-6 0.08130763390866219 3.3697814070273946E-6
2.0886437198833525E-7 2.1070180093978588E-7 1.35622712428964E-7 1.709617217170612E-7 1.4203967661927133E-7 1.2860127630354317E-7 1.3216118897371616E-7 4.706045736216355E-7 1.16613557089563E-7 2.4035053598281576E-7 1.2923049301977588E-7 0.01984127498590198 1.6876143369289478E-7 8.187973919985014E-8 0.02546591264654818 2.285082933716587E-7 1.296319357035867E-7 1.354357069119127E-7 5.775178441619705E-7 0.9546894048806882
2.2610721953974574E-6 2.280963378721798E-6 0.2094873334583207 1.850755070248713E-6 1.537657956642874E-6 1.3921798503710667E-6 0.19711198402624658 0.09443217369334539 0.07086964273686226 2.6019273123803597E-6 1.3989914688793327E-6 2.2440807180004874E-6 1.8269357370328665E-6 8.863934040484221E-7 0.157102915108339 2.473728494916491E-6 1.4033373076730406E-6 1.4661663367825484E-6 0.1966365216959968 0.07433580509165828
3.2357802675082864E-6 3.264246186743111E-6 2.1011017461996887E-6 2.648582715975152E-6 2.200514996562289E-6 1.9923238620257645E-6 0.3760160033069795 0.623928750370579 1.8066070501264457E-6 3.723571972637201E-6 2.0020718483146175E-6 3.211464065934164E-6 2.6144952911852983E-6 1.2685018602712987E-6 6.953226712330108E-6 3.5401089214741816E-6 2.0082911010404155E-6 2.0982046089032254E-6 8.94705414083339E-6 1.6301750935268232E-6
0.300235126948572 2.6859363035682774E-6 1.7288602436077747E-6 2.1793467964311296E-6 0.1891578134073506 1.6393539835362572E-6 1.6847342253552764E-6 5.999065519505688E-6 1.4865396739755434E-6 3.063885677763275E-6 1.647374968707734E-6 2.6425053224627965E-6 2.1512984671996957E-6 1.0437678418630586E-6 5.721358924898358E-6 0.22176239185095942 1.652492388081655E-6 1.7264763773808352E-6 0.2888062734311345 1.3413652691573439E-6
0.32366208906241173 2.906118544024784E-6 1.870585243328739E-6 2.3580008694009276E-6 1.9590916469124675E-6 1.7737416205464051E-6 1.8228419518191077E-6 6.490844749331334E-6 1.608400209353314E-6 3.3150506857108927E-6 1.7824201337774186E-6 2.8591272660081945E-6 2.3276532511048077E-6 1.129331725724543E-6 0.6762894832727996 3.151715770197004E-6 1.7879570585810137E-6 1.8680059573496265E-6 7.965453114256921E-6 1.451324991523523E-6
0.5301474114299475 7.2676558692954584E-6 4.677981856812942E-6 5.896916660038109E-6 4.899319725083339E-6 4.435794171467144E-6 4.5585848647415486E-6 1.6232381860731068E-5 4.022306400995515E-6 8.290318239961388E-6 4.457497500723899E-6 7.150139521524598E-6 5.8210229747366565E-6 2.824246231014569E-6 1.5480958247462242E-5 7.881848337783418E-6 4.4713443082223174E-6 4.6715315477148385E-6 0.4697359192309088 3.629490825344377E-6
2.4080416255290666E-5 2.4292257334596066E-5 1.5636230046661232E-5 1.9710539348941325E-5 1.637605545262623E-5 1.482671378976936E-5 1.5237143668806061E-5 0.9313253073823861 1.344462422669007E-5 2.7710522855337233E-5 1.4899257518972334E-5 2.3899457040744456E-5 1.9456863477852992E-5 9.440088723782666E-6 0.06830006214334874 2.6345205598219157E-5 1.4945540697078675E-5 1.5614669784134107E-5 6.658325663656479E-5 1.213163180927667E-5
1.8101000379547828E-6 1.8260239132576789E-6 1.1753592753909633E-6 0.28862920607428744 1.2309711876278595E-6 1.1145087738136472E-6 1.145360364240739E-6 0.6481039558984029 1.0106185277288404E-6 2.082971404664672E-6 1.1199618110697965E-6 1.7964975205545116E-6 1.4625523473667051E-6 7.096017268165476E-7 3.889644813734204E-6 1.9803419155092773E-6 1.123440869801954E-6 1.173738612707855E-6 0.0632412744119647 9.119222427727126E-7
2.286886553446528E-6 2.3070048317435102E-6 1.4849529119933614E-6 0.08278397614271016 1.5552131913366535E-6 1.4080741810338976E-6 1.4470521854650086E-6 5.152718298293066E-6 1.2768188902633162E-6 2.631633167591956E-6 1.4149635668772464E-6 2.269701086630644E-6 1.8477936173537198E-6 8.965132386786554E-7 4.914190506433111E-6 2.5019707214203366E-6 1.419359021529693E-6 0.8630756827976516 0.054104374088000576 1.1521256676741823E-6
1.9305975824965123E-5 1.9475815030087086E-5 1.2536024131564217E-5 1.580251737069035E-5 1.3129163853520525E-5 1.1887011210866177E-5 1.2216064879977275E-5 0.9996581619962688 1.0778949480958042E-5 2.2216338732298486E-5 1.194517164577717E-5 1.9160895516373437E-5 1.5599137986269106E-5 7.568395942774957E-6 4.1485767176988786E-5 2.1121723851895913E-5 1.1982278226832522E-5 1.2518738636881911E-5 5.33817492737856E-5 9.72628495887461E-6
3.81301994865121E-6 3.846563980979049E-6 2.47592302631062E-6 3.1210706218450586E-6 2.5930708779738456E-6 2.3477399582289796E-6 2.412729587133156E-6 0.6862039860222585 2.1288926169299638E-6 0.03362298145255684 2.359226914420599E-6 3.7843659134534024E-6 3.080902248229891E-6 1.4947933723077645E-6 8.193631819760459E-6 0.28011407739954963 2.3665556366293645E-6 2.472509060777694E-6 1.0543143569714721E-5 1.9209864816311144E-6
2.464707148254303E-7 2.486389756101383E-7 0.08219873428387149 0.12233788242158218 0.2971357449183106 1.5175612861233773E-7 0.0046179903688524536 5.553376315761386E-7 1.3761000260880253E-7 0.1508315100164223 1.5249863674023734E-7 0.06452891787331963 1.9914718245759616E-7 9.662230881307963E-8 5.296301406309563E-7 0.27834578394054665 1.5297235978020997E-7 1.598211086825802E-7 6.815007965146904E-7 1.2417110785509784E-7
4.420928789359974E-7 4.4598207385830095E-7 2.870658830706566E-7 3.618662150094775E-7 3.006483535797035E-7 2.7220395673347417E-7 2.797390476929098E-7 9.961054095164664E-7 2.468301447772596E-7 5.087380839293518E-7 0.9999914495874062 4.3877064483171135E-7 3.5720897424681433E-7 1.7331079151887146E-7 9.499940542983244E-7 4.8367219509831E-7 2.7438550247547914E-7 2.866700577481131E-7 1.2224034378508681E-6 2.227248888015498E-7
5.453671274100366E-7 5.501648501596524E-7 3.5412535122587757E-7 0.035160239840818154 3.708807283820946E-7 3.357916334473965E-7 3.4508694469785367E-7 1.228798679347714E-6 3.0449042142310936E-7 6.275808560960864E-7 3.3743458532944074E-7 0.016085937047995845 0.9487443661836388 2.1379672241563114E-7 1.1719155705385132E-6 5.966594989806653E-7 3.384827949460713E-7 3.536370598975231E-7 1.5079606191211634E-6 2.7475410393571624E-7
0.19751586712218486 5.314176482792722E-7 3.4205831450321974E-7 4.311879428435434E-7 0.0758897919290617 3.2434932930863855E-7 3.333278971748124E-7 1.1869266169914836E-6 2.941147251215289E-7 6.061956567288768E-7 3.2593629660605597E-7 5.228247453832228E-7 0.077401995166608 2.0651146906779125E-7 1.1319818347113788E-6 5.763279636635852E-7 3.26948787842477E-7 3.415866619988586E-7 0.6491845986945646 2.6539169073819717E-7
1.0287053248219274E-6 1.0377550872507477E-6 6.679732168503108E-7 0.6653015264978858 6.99578249192205E-7 6.333910204644148E-7 6.509244134736952E-7 2.3178363363817317E-6 5.743487315833784E-7 1.1837819625988455E-6 6.364900582768174E-7 0.3346798040693333 8.311890812769116E-7 4.032766474629797E-7 2.21053988600287E-6 1.1254561796232274E-6 6.384672563145471E-7 6.670521714401702E-7 2.8444089138113206E-6 5.182582439055658E-7
3.0730134324018E-5 3.100047453547384E-5 1.995411726114059E-5 2.5153532039078858E-5 2.089824272228707E-5 1.892105607781084E-5 1.9444824653057838E-5 6.923986902705297E-5 1.7157307583142748E-5 3.536268146304123E-5 1.9013632490076253E-5 3.0499203890290465E-5 2.482980451250033E-5 1.2046934381740706E-5 0.9994526768339917 3.3620336884719414E-5 1.907269659698669E-5 1.9926603211694948E-5 8.496997719823507E-5 1.548173715588047E-5
5.728156370575553E-7 5.778548307953554E-7 3.7194859841298985E-7 4.688666937570574E-7 3.8954727929692583E-7 3.5269213849618564E-7 3.62455285866041E-7 1.2906445272359142E-6 3.1981552601769816E-7 6.591672101635913E-7 3.5441778069511575E-7 5.685110491857012E-7 4.6283235015754974E-7 2.245571828520761E-7 0.9999897977905106 6.266895708183854E-7 3.555187470518002E-7 3.714357312190148E-7 1.5838567806774372E-6 2.885825697407421E-7
1.7694404685890108E-6 1.7850066521075449E-6 1.148957639577807E-6 1.4483398298428578E-6 1.2033203631755417E-6 1.089473999023609E-6 1.1196325822385512E-6 3.986830158451629E-6 9.879173989133557E-7 2.036182432486882E-6 1.0948045468361247E-6 0.5023258121838492 1.4296996058762293E-6 6.936622206961187E-7 3.8022732432153666E-6 1.9358582694161177E-6 1.0982054568323662E-6 1.1473733812068367E-6 4.892569446111488E-6 0.4976415182684562
0.32249491070143 1.5238597065955498E-6 9.808648328960208E-7 1.2364473295094545E-6 1.027274275647155E-6 9.300836646941366E-7 9.55830039204841E-7 3.403555851364229E-6 8.433848220516566E-7 1.7382884038448553E-6 9.346343519512305E-7 1.4992192406110696E-6 1.2205341752413042E-6 5.921792542668457E-7 3.2459996616601638E-6 1.6526416923768868E-6 0.6774773871832133 9.795123519439146E-7 4.17678524164891E-6 7.610204615723905E-7
1.4039399782813587E-6 1.4162907681151423E-6 9.116257891633743E-7 1.1491667707108962E-6 9.547591990417973E-7 8.644292530208779E-7 0.38895808051326264 0.28150574993320165 7.838504635763177E-7 1.6155829884020272E-6 0.17571470631066546 1.3933896674791523E-6 1.1343769226795938E-6 5.503774443653843E-7 3.01686522336428E-6 0.15379989761547525 8.713571168874516E-7 9.103687795592558E-7 3.8819468442274285E-6 7.07300186104185E-7
1.6145984992381527E-7 1.6288025015733838E-7 1.048413503297931E-7 1.3215970569023317E-7 1.0980189992123506E-7 9.94135216758788E-8 1.0216546524574777E-7 3.637946630488794E-7 9.0146573336187E-8 1.8579981401069831E-7 9.989992936525803E-8 0.9999969375902584 1.3045880203304595E-7 6.329605320981823E-8 3.4695401067007644E-7 1.7664532444143076E-7 1.0021025934094545E-7 1.0469678817957768E-7 4.464425577190872E-7 8.134292324894658E-8
2.4140609276518856E-6 2.435297988797388E-6 1.5675315414503274E-6 1.975980913318723E-6 1.6416990137601924E-6 1.4863775636559312E-6 1.5275231453609692E-6 0.4689539788186603 1.347823130984439E-6 0.0987272001875529 0.43228034846032365 2.3959197724200444E-6 1.9505499156901897E-6 9.463685801795043E-7 5.187469957676403E-6 2.641105983857043E-6 1.4982899571564423E-6 1.5653701258499965E-6 6.6749692603939655E-6 1.2161956848648358E-6
3.5729789973487727E-7 3.6044113330322387E-7 2.32005630476424E-7 2.9245899395410523E-7 2.42982935059509E-7 2.199942742223494E-7 2.2608410806133188E-7 8.050488657301078E-7 1.9948724922334305E-7 4.111603184846107E-7 2.2107065603437324E-7 3.546128818925952E-7 2.886950284564838E-7 1.400691681804871E-7 7.677818316782978E-7 3.9090215586531247E-7 2.2175739176830466E-7 2.3168572585197711E-7 0.9999938564582853 1.8000546667705689E-7
1.042276916591741E-5 1.051446071501901E-5 6.767857111511748E-6 8.5313476142511E-6 7.0880770507231446E-6 6.417472758010893E-6 6.59511984860282E-6 2.348415286240128E-5 0.6184503149706316 1.199399462725659E-5 6.448871988651322E-6 1.0344444268969398E-5 8.421548638216548E-6 4.0859703017861695E-6 2.2397032860551583E-5 1.1403041943618547E-5 6.468904818505809E-6 6.758525144942132E-6 0.1698378375657463 0.21154370387190322
1.787258290191661E-6 1.8029812212729929E-6 1.1605273547586316E-6 0.18542697965298377 1.2154374973445116E-6 1.1004447288672687E-6 1.1309070014490201E-6 4.0269765379344345E-6 9.97865479272357E-7 2.056686278745938E-6 1.1058289539589319E-6 1.7738274236752556E-6 1.444096322225322E-6 7.006472252330145E-7 0.565631790226706 1.95535187652231E-6 1.1092641102656176E-6 1.158927143303323E-6 0.2489158026782173 9.00414647936943E-7
1.2035368796971247E-6 1.2141246763895044E-6 7.814972681981959E-7 9.851308537891341E-7 8.184736705650006E-7 7.410377238300755E-7 7.615509695611069E-7 2.7117595725680126E-6 6.719610208953848E-7 1.384969257114109E-6 7.446634524122115E-7 1.1944925556240498E-6 9.72452158242207E-7 4.718147230610761E-7 2.5862277686823836E-6 1.3167308324121483E-6 0.603679187537793 0.16830289890525027 0.2279987467957869 6.063377866303825E-7
2.2176163275603147E-5 0.18144841649806845 1.4399734076584623E-5 1.8151851455486696E-5 1.5081054898624589E-5 1.3654233479885218E-5 1.4032207012992403E-5 4.996641487262356E-5 1.2381438047803789E-5 2.551920501612083E-5 0.15927373867613562 2.200951411782042E-5 1.7918235994827884E-5 8.6935768325346E-6 4.7653387472956294E-5 2.4261855554389795E-5 1.376366368533058E-5 0.09833321494888168 6.131792552660233E-5 0.5605636494155939
1.127561392133931E-6 1.1374808146123637E-6 7.321638103023284E-7 0.02607515353840325 7.668060090019735E-7 6.942583493709583E-7 7.134766585925984E-7 2.540574742958311E-6 6.295422408420175E-7 1.2975405157565874E-6 6.976551971423385E-7 0.10627537954397455 9.11064320361473E-7 4.420305475789925E-7 2.422967365956227E-6 1.2336097675992628E-6 6.998223990787462E-7 0.02130558713400759 3.1177496580320383E-6 0.8463247154798254
8.651384805084575E-7 8.72749306979087E-7 5.617637236846801E-7 7.081416650594117E-7 5.883434730034855E-7 5.326801872121552E-7 5.474257247535616E-7 1.9492942806256894E-6 4.830257770951245E-7 9.955575262073875E-7 5.352864698854993E-7 0.9999835909143248 6.990278376517647E-7 3.3915460296762956E-7 1.8590582472302265E-6 9.465056956778555E-7 5.369492882502451E-7 5.609891269100924E-7 2.3921404373896936E-6 4.358538240492305E-7
1.3715306302716787E-6 1.3835963074566954E-6 8.905813015694225E-7 0.015994146077510103 9.327189953109597E-7 8.44474277078675E-7 8.67850831068013E-7 3.0902761506115154E-6 7.657556141848983E-7 0.2096490009626887 8.486060971261857E-7 0.7357893120402247 1.108190321378961E-6 5.376722187809175E-7 2.947222192725611E-6 1.5005245779679454E-6 8.512422142001678E-7 8.893533094890882E-7 0.038548020352070556 6.90972466804658E-7
2.6057850076119593E-7 2.6287087105329606E-7 1.6920244816037824E-7 0.11974081289598708 1.7720823149350673E-7 1.6044252763714587E-7 1.6488386292857732E-7 5.871247119759912E-7 1.4548668873275104E-7 2.9986053498415616E-7 1.6122753633445954E-7 0.8802544580016289 2.1054620737547557E-7 1.0215289223480518E-7 5.5994574487807E-7 2.85086192209037E-7 1.6172837490110037E-7 1.689691406948521E-7 7.205093552503296E-7 1.3127856242740813E-7
0.3225903230079438 3.6523696753619016E-5 2.3509257156631267E-5 2.9635029471129167E-5 2.4621593421059284E-5 2.2292139872033097E-5 2.2909226058552794E-5 8.157604093158667E-5 2.0214151836875924E-5 0.5781621903457287 2.2401210228496542E-5 3.593311685732684E-5 2.9253624793016145E-5 1.4193285256519351E-5 7.779975203209089E-5 3.9610328794382605E-5 2.247079753521185E-5 2.3476841046443447E-5 0.09870282650210364 1.82400521789939E-5
1.6741579628811605E-6 1.6888859238110947E-6 1.087087480736889E-6 1.3703482553571932E-6 1.1385228289221997E-6 1.0308069715800127E-6 1.0593415468510143E-6 3.7721435532385424E-6 9.347190874290995E-7 1.926536152948376E-6 1.0358504750068096E-6 1.6615770213070008E-6 1.3527117878198003E-6 6.563092406574612E-7 3.597524833517019E-6 1.8316143404003439E-6 1.0390682495814975E-6 1.0855885330106983E-6 0.9999712137706672 8.434350877045401E-7
0.2398448567249821 8.63926356729115E-6 5.560846433959029E-6 7.009827952318574E-6 5.823956880545942E-6 5.272951233073937E-6 5.418915926764206E-6 0.06330452491328174 4.781426882554258E-6 9.854930615845316E-6 5.29875058091166E-6 8.499568633998123E-6 0.20565156682732388 3.357259618159224E-6 1.840264329783412E-5 9.369371144168898E-6 0.4910682145928094 5.553178773107826E-6 2.3679573920429286E-5 4.3144761418450175E-6
2.4628231549390253E-6 2.4844891888542813E-6 1.599194507545516E-6 2.0158942515889463E-6 1.6748601073883941E-6 1.516401280026667E-6 1.5583779717438762E-6 0.9999563924373227 1.3750481513238614E-6 2.834092093760936E-6 1.5238206856603821E-6 2.4443155619240554E-6 1.9899495668068296E-6 9.654845185038146E-7 5.2922529754636255E-6 2.6944543516629586E-6 1.5285542949766007E-6 1.5969894329647683E-6 6.809798652916913E-6 1.2407619291264096E-6
2.943673661324985E-6 2.969569850117027E-6 1.91142703111132E-6 2.4094847413296068E-6 2.001865856521564E-6 1.812468954200858E-6 1.8626413271338088E-6 6.632563874256466E-6 0.527247177773452 3.387430491484069E-6 1.821336951443313E-6 2.9215525788658437E-6 2.378474522389877E-6 1.1539892102431848E-6 6.325531600471954E-6 3.220529371232548E-6 1.8269947677746282E-6 1.9087914297886724E-6 0.4727038508875497 1.4830127788183056E-6
4.5367936665071644E-7 4.576704906276021E-7 2.945893820591908E-7 3.713501009853613E-7 3.0852782556664325E-7 2.793379504050775E-7 2.8707052303180654E-7 0.07724924704260148 0.12505906817434156 5.220712268961502E-7 2.807046872907846E-7 4.5027006255171034E-7 3.66570802018524E-7 1.7785296682283592E-7 0.026311130082236192 0.7713742462429483 2.815766706779179E-7 2.941831828413521E-7 1.25444051217678E-6 2.2856212190530878E-7
8.480285558263145E-7 8.554888622696707E-7 5.506536699557603E-7 6.941366810869812E-7 5.767077490851553E-7 5.221453213054702E-7 5.365992349711441E-7 1.9107429052376633E-6 0.9999835472554777 9.75868291854827E-7 5.247000592825073E-7 8.416558013129298E-7 6.852030986967783E-7 3.324471106492116E-7 1.8222914783181232E-6 9.277865639675776E-7 5.263299919328596E-7 5.498943924540644E-7 2.3448308521405127E-6 4.2723390218709863E-7
7.027890726862357E-7 7.089716732735152E-7 4.563447532759047E-7 5.752538296818086E-7 4.779366230133567E-7 4.327189499063107E-7 4.4469738213243777E-7 1.5834953024727152E-6 0.5126777405609578 8.087340540417134E-7 4.348361450426098E-7 6.975077620462248E-7 5.678502770058506E-7 2.7550982216951416E-7 1.5101927044936914E-6 7.688871494500327E-7 4.361869236785556E-7 4.557155151120926E-7 0.4873105677483581 3.540627445565507E-7
4.207792277639464E-6 4.244809214894118E-6 2.7322620732222513E-6 3.4442035545113114E-6 2.8615385606806873E-6 2.5908078633671855E-6 2.6625260453626354E-6 0.6007880628521612 2.3493026614272726E-6 4.842114141379174E-6 0.1294297654366375 4.176171612221441E-6 3.3998764398936634E-6 1.6495533968785462E-6 9.041940813660005E-6 0.2697148741709699 2.6115715801423083E-6 2.7284946505496647E-6 1.1634703907262325E-5 2.119871438311375E-6
7.862782374241355E-6 7.931953118087478E-6 5.105570963021004E-6 6.4359220262895656E-6 5.347140132771526E-6 4.8412462068011945E-6 4.975260535479701E-6 0.9998607789704618 4.389963748018315E-6 9.048091543686972E-6 4.864933320399721E-6 7.803695234405144E-6 6.35309130829791E-6 3.0823953557000898E-6 1.6895989195185297E-5 8.602285609491091E-6 4.8800457899343144E-6 5.0985310659367895E-6 2.1740888992420546E-5 3.961243017956915E-6
