1.0935861874070897E-6 0.006951507209246483 0.004053602164973347 0.006282828582513855 0.11222531926984078 0.00566391809223789 0.0032726545506836565 0.010612119351812282 0.0064611101914140556 0.02892946966277635 0.003183859661814153 0.007113520623369704 0.007305935861089434 0.00965371136953005 0.026744011210865386 0.014021756794678809 0.04620487742049229 0.004576446144446208 0.22659361343248777 0.47014864481954005
4.634606221755466E-6 0.004254654469183076 0.0045094478438593094 0.00688347363365542 0.22356653894074677 0.019555753152976765 0.017989562524902483 0.005859456928392507 0.020125924569600464 0.03423822579265901 0.016660340870548622 0.007059006341130976 0.00997918997107854 0.011814148918393568 0.02075934765101522 0.006721765631457221 0.06415193682129547 0.022211301972553065 0.4634075273084895 0.04024776205184041
1.0357512791435134E-5 0.006718324042284047 0.003750694570272792 0.006611753830435545 0.010507664227210977 0.03390216662892734 0.012275370188563358 0.011987097464900481 0.07609056797101295 0.012813406528707456 0.00855999715806019 0.007823273565246359 0.7104881206012548 0.012096438763188314 0.017123734923906495 0.006442721224211388 0.025662945531784536 0.011910683666254467 0.014200807247650157 0.011023874353336845
8.180793077850826E-7 4.2570029215868835E-4 5.295458718889099E-4 5.015629443092906E-4 0.0010964819383200545 0.0010636411140032556 0.005788696960233907 5.135596974236679E-4 0.9493170324523243 0.0024679824505274835 0.0072457885250774515 6.816108741313764E-4 6.457186660384412E-4 0.0015169123751651635 0.002042212283769869 8.406855951879589E-4 0.0034373862965011576 0.0014989011740679076 0.01394294651609306 0.006442815893470038
2.741282221929249E-6 0.012734219464109896 0.005443900827253611 0.008653345041072714 0.09831631913424375 0.011751236450142486 0.010878491390430301 0.25039720496972834 0.00923026439587936 0.020530671681268212 0.006189903723375432 0.005946506715543438 0.011521468225472302 0.01930691338285828 0.03611496033814611 0.013231532624669804 0.01907531457535262 0.011934725069612299 0.14333868057196886 0.3054016001366502
6.7278671892501516E-6 0.004603145632502531 0.004392894534118857 0.012677368312809119 0.3452881097543127 0.011093350106922417 0.025032535278745476 0.00803979943205832 0.042277016269633746 0.01767822109260224 0.009520807929009155 0.007123222802241082 0.01605199766326351 0.012503829684615627 0.013804383202247306 0.0069845689989877745 0.035490814826265316 0.01652453625329093 0.26428445792995414 0.1466222124292306
3.1595283050387784E-7 9.074879478487789E-4 0.004816904904206971 0.005076232889368533 0.15598448859237854 0.0012914637675074526 0.0036289632950740193 7.183314828459444E-4 0.004204993061547881 0.004154156126544472 0.015319302545720984 0.027413400036107552 0.001511730601818916 0.00137299968577132 0.009164381826074675 0.007205130691354379 0.027449891269638288 0.019642216852722296 0.6810523075580028 0.029085300912635666
7.869328917252496E-8 1.664303485579244E-4 0.00562816001581196 0.005475136495275859 0.0012379258377627675 3.7517947618386866E-4 2.0384879726629212E-4 0.19014514181593953 5.165137207294419E-4 8.982576483802081E-4 0.0075664685693324326 9.053401093922261E-4 3.6425454240957103E-4 5.835862724814712E-4 2.63605554269211E-4 0.7830057484324591 0.001317554498721986 2.1279408588666918E-4 2.8409289755262397E-4 8.498821882975301E-4
4.011445081900721E-6 0.025055068710486912 0.6074695928228907 0.033746763207114595 0.038832533535114074 0.009509259569427332 0.006790134800611633 0.00649289139774199 0.029682848282906783 0.013904197370225838 0.014913356695382868 0.011449322581748715 0.008476205355303001 0.09346645857419053 0.009581449285919256 0.011506215082335533 0.03983813044951302 0.009360529826832139 0.013042976621133106 0.01687805438603998
1.5328603066197516E-7 0.002565201925616617 0.006874178185248174 0.023535342018126744 0.15296609875916614 0.002679782393029866 5.968210359173744E-4 0.06735767252186245 0.0023556540117242344 0.007890887110580506 0.00491250120590682 0.010221167850194722 0.00742540935328061 0.022086933301809 0.005366840595916036 0.02293697954892983 0.20969501558080875 0.015920557606615135 0.4192124965933885 0.01540030711584799
0.10519850533233994 0.02523411591982817 0.00643342104142927 0.006234828915104063 0.13406163482656155 0.009802946266586563 0.002167167830720293 0.03933110071837287 0.020201298777993214 0.01787719916632416 0.005707049617775254 0.002872976775874908 0.015472031798280944 0.06255844453960199 0.014248943623384898 0.00280036591145021 0.017152524651313346 0.007817621558987199 0.4387139941122535 0.06611382861581765
4.8914951814774656E-6 0.07439155061024799 0.01086439775170488 0.017636348279809547 0.1118900731999748 0.008761689551599696 0.012181658169544458 0.0062306525584816365 0.015553975899002356 0.0205854441103853 0.08548527836200888 0.145517893134217 0.008903928343043618 0.21046462041001068 0.010874120945263435 0.017200987179194972 0.010610174711809812 0.04331928830155958 0.035758465438494515 0.15376456154846516
2.2259023187587783E-6 0.0068404260399248865 0.028242835513974093 0.005846579236909285 0.27628436566972525 0.010528333361832683 0.006325299898589162 0.044595784896819826 0.012758815533857758 0.03992050080587665 0.16874444589221915 0.09539485613855565 0.03584840966699854 0.062091547696461226 0.013558546006400484 0.08778937465004318 0.06884608051715324 0.010097882123150029 0.013240219969365101 0.01304347047982495
1.103211863621125E-5 0.0058205571864883045 0.00681812185362561 0.023798337090577285 0.6494476053260628 0.01823917708961654 0.01583759556954175 0.008261326228620913 0.017177060686644156 0.01680952180464375 0.020927443121071188 0.009356649810828937 0.02421057807156483 0.014454238901273534 0.01180587153155013 0.008316776220670783 0.04141392126438164 0.012364348792833916 0.023467213121951932 0.07146262420941608
3.4197041670322373E-6 0.006159618769785488 0.0032490432509661663 0.0038452247051551517 0.22974695357768082 0.0049011635250370495 0.009972046094489342 0.010227986375299938 0.0138666094721899 0.009918716312705241 0.0058694061150269036 0.0053625588350049635 0.005750481094860698 0.007553278498869613 0.01058227203077873 0.0038940406259559295 0.014288591152194934 0.0058737559617570035 0.17597824363855893 0.47295659025951625
1.5000393769008794E-7 0.0018718191041058002 0.009191631539396944 0.004558100081603716 0.31047962230226583 0.0012040753137097068 8.096983720215354E-4 5.294164071170856E-4 0.0021348809359233462 0.0017244391569651001 0.013926707926637758 0.006988394040991511 0.00263925289316139 0.0027312452722322933 0.0029510902161819174 0.00627994051634128 0.2691252074594514 0.027838075206994488 0.017555435200630767 0.31746081805033033
5.83814965290759E-7 0.02775312703198929 0.011843748232716927 0.04234460210804898 0.010862714521436969 0.003474328579358732 0.014657053170592082 0.028914242981028467 0.5360494821819071 0.008632163157554244 0.002785707494764156 0.0030934208149567904 0.03387931058497088 0.014923707309210967 0.032122415818097945 0.022343425328334745 0.027891291312047782 0.03383901124972159 0.14090689626609548 0.0036827680422015733
1.3606804231544556E-6 0.0017489425448416385 0.7798151633446021 0.0020235631725903512 0.019512558484003076 0.00416156058951047 0.0030342469748355604 0.0026418635953195046 0.0039041091274479387 0.008851970999540278 0.02557108001297971 0.003494329796605263 0.002853110159031771 0.011436275774877611 0.004780124081174372 0.003009581767100254 0.05172384721010353 0.02034317757633569 0.008112436965115719 0.042980697143561904
6.797544837114217E-6 0.007710859978862968 0.4394263814012371 0.006044427597393397 0.017125952042207297 0.010151099055769826 0.019398272621706666 0.009703817929885453 0.2880365948934666 0.018636599821822742 0.006867846636744145 0.009372006672199899 0.05479745186279622 0.02239281085882517 0.013825305930055336 0.008115799198528655 0.013103611792995375 0.01137452294804935 0.025314433543880806 0.018595407668735606
1.944054517211123E-6 0.004107568081853375 0.01304585092282178 0.009893800482453342 0.06360834905643814 0.002687533498670189 0.031148059071629194 0.009179778739617579 0.3047430011915721 0.006282674195099105 0.038005941470739636 0.4250905329243609 0.004604994331314686 0.004373563044767818 0.007462061030039317 0.026891573295593486 0.03139004197318007 0.004584277879755198 0.0077632663281877535 0.005135188427389239
2.4434216273875358E-6 0.015880892576129037 0.019847840641473737 0.05192942093375064 0.04396495156338142 0.008375562528502427 0.03529710235338759 0.17946505752807734 0.4289658501923452 0.015025215369710897 0.004728543767831651 0.004733527648822823 0.018221536016571994 0.009967352027788834 0.0314575068381406 0.031344713625438246 0.042156166673532516 0.015527272123618 0.02605421558678971 0.01705482858307982
1.3916954965691953E-6 0.0026388462775892908 0.01855121308675027 0.002502067735945418 0.3307114935670291 0.006152633587352377 0.00694110607522626 0.002082949129974044 0.012853656617186517 0.004116222533421489 0.021981074997107653 0.004868571643062487 0.0034286083775819753 0.004578686728853513 0.009479809374938298 0.0058853272430954475 0.0379677394307983 0.009579886013778115 0.491343433025294 0.02433528285951886
1.215336049128861E-6 0.0029468651626614276 0.0010292217919997502 0.0018326369862649362 0.14516236802565483 0.001814480412741114 0.002913248248829207 0.0016571813366877074 0.0024661648670938926 0.002882252062785985 0.0163756233550802 0.0023419787035479354 0.00278622841150924 0.0023051240453363033 0.22033365222746565 0.0030081991053000604 0.0030781540514862836 0.005254863658567954 0.5515397934771828 0.03027074873375557
3.316041185721979E-6 0.003059446295725748 0.006284651709579965 0.09974337694273816 0.08893638672986771 0.006801566636749117 0.1203708146424079 0.004297654487342427 0.41179077626767047 0.01121341651730142 0.07291545242282375 0.06512208879703131 0.026419835631903817 0.010182938807885324 0.006209800233877912 0.008860987486890739 0.009888481184568554 0.007374218500964235 0.009865171530035315 0.030659619133450274
9.72739680787837E-7 0.0029937778634578707 0.001312272846925467 0.0027269570922591425 0.01209888691057528 0.00394658137000605 0.0021367371767254143 0.0176037906760138 0.012283527154719864 0.0028117579844435994 0.7793801160187986 0.010274883564669993 0.00413150784970205 0.004951330725258929 0.005218841446963009 0.002166928757108404 0.0037734878055543267 0.0394257649505832 0.08399428776734709 0.008767589299207082
1.331150341665708E-5 0.007214048117279151 0.00713944758053573 0.009053707066434713 0.021811996890314194 0.033274312620578714 0.03903990172427862 0.009641255825637792 0.02571380272157033 0.11978935619709473 0.012333537517980496 0.008511491653980543 0.15678243861521615 0.0419612600381136 0.020744267017535838 0.010894272296406165 0.07618295029973982 0.022662064099172975 0.26269390945133825 0.11454266876337563
3.4728558674769654E-6 0.02666885498834912 0.07960505426022077 0.02312505809316103 0.10101141701352366 0.018217187849050496 0.02588886486318392 0.0037320406190665986 0.3597712399301451 0.11804598516525235 0.02447586640173222 0.04464979660760918 0.014538269650790104 0.058905671940511196 0.010469533139733195 0.00950793692983761 0.04463340538261812 0.008245103927029407 0.01603536984534948 0.012469870536968906
1.051853416423268E-6 0.00215426572284414 0.0035474979520720945 0.055874470855557565 0.18250061788458002 0.006331296863527027 0.010090652180124688 0.002129426709152294 0.0028355470904016925 0.005564182796765928 0.43878613921320403 0.14852801717021977 0.0026485665026162895 0.0027748233855048685 0.011320656071712999 0.01276012139452767 0.006145923580656847 0.002954577276696717 0.02012714611632693 0.08292501938009213
6.355787762888785E-7 0.0012177005014818655 0.0015440927111717514 0.0016478885212514568 0.10490398358539853 0.003899990663002058 0.0017463781208730332 0.006800379912521813 0.574799930669183 0.02973523279372157 0.006096404442655375 0.1495696153646422 0.06756918308095401 0.005438606206985463 0.022461542705127027 0.0015695717224240434 0.010856787247439792 0.003274703370321293 0.00418104879706396 0.0026863240050055857
5.533243547697442E-6 0.00825296640691041 0.0072803997209784895 0.05554359967959709 0.15324722177345418 0.008235822151959043 0.09910359060175149 0.006747098653444349 0.03668688193430549 0.025246912791065588 0.058091314432791474 0.09486131522768472 0.013089814517284753 0.20723421165750033 0.010382548315061059 0.09911529628674959 0.011985932474986317 0.02144332381034284 0.03545438158999628 0.04799183473058867
1.3441354229633832E-6 0.0393097408462174 0.028258852983801434 0.004780513586535119 0.013720384845598389 0.027778182108913963 0.0037904585274330625 0.01064912564237627 0.007882415551872754 0.011097784606812048 0.156274211283968 0.17685381012146456 0.055052737555338696 0.07007123035577327 0.0065183328043105695 0.07525993823549819 0.019032795869017984 0.2624773612326181 0.014245948875444954 0.016944830831582294
4.157586961039554E-7 0.01065199891864465 9.822491391780347E-4 0.012800505032825392 0.1367840489685062 0.009029235509294029 0.0010149773222264905 0.025739896251928813 0.012142753392649914 0.00385045863872491 0.023262813900576277 0.0031912724061945136 0.025881043901768097 0.1393057649001634 0.005367493774017434 0.004758708706045678 0.004289055975208522 0.04505623072858606 0.521989073339514 0.01390200343525146
2.4681147621809306E-6 0.005171170818367517 0.006696313522693605 0.0161326555843574 0.19831120196561514 0.030026295910626197 0.004945520879919285 0.009576899167526633 0.29526555599381926 0.02479451534791769 0.1004979100069451 0.0628172951515562 0.03978129977669575 0.015665692275566235 0.01382235305159355 0.005344662303640072 0.008377382788572786 0.13375648614501587 0.021681346511158158 0.00733297468365139
0.11679828953899257 0.012640690447447221 0.004166430321990875 0.047510157771103734 0.15757685467334495 0.035312554979651724 0.02999094880876796 0.004491363329611176 0.03251011439834124 0.05013223934113019 0.010287649197076141 0.016916601239604156 0.11631242805584739 0.12140298863639644 0.016013382285560433 0.01756989358387085 0.11245549358822257 0.010255455864344778 0.017856091550807963 0.0698003723878876
0.01839019518170979 0.046628327484306474 0.013550932278836973 0.0047754343426575 0.061001503656425204 0.0023592541653913376 4.364767512574054E-4 0.0014059427433694117 0.0022562631825974577 0.0022499738520756142 5.307041975257763E-4 6.128556732837786E-4 0.010383310676661076 0.017095568686597878 0.0023508163905714705 0.7974460855495511 0.0033084965898598087 0.00345026865776388 0.006308839384615805 0.0054587505549422675
1.0206515812444198E-5 0.008385538657670472 0.009347587676674816 0.010859730197459155 0.07638012277629168 0.01922928040555332 0.019590406069555016 0.010720102048028665 0.05682523204277026 0.05714240226534107 0.0220580073255073 0.01704673566513277 0.28347755177726897 0.17366852588749573 0.01998300683568788 0.04743441099220941 0.03484946449466468 0.057107696741052476 0.04904211764059855 0.02684187398522519
0.09823091565676331 0.061734314318542524 0.020976992402669998 0.04729821575407582 0.08826326557509517 0.009325661874771716 0.002182788925856598 0.018068853295797042 0.008907652063293445 0.015594192296048335 0.11512844251986495 0.12938520663787545 0.019851967658541782 0.07261564286023031 0.007860494011222246 0.002497696547092953 0.0035666917767565418 0.18621879468669342 0.072099209808341 0.020193001330467548
1.31419439898594E-6 0.023565409726929436 0.0041283580287236376 0.013987286693582023 0.06551592124096066 0.006038330559550535 0.007076835208798581 0.042192824077416966 0.018181392024769802 0.010706970959609104 0.0034118713513300813 0.0035432635941284696 0.016541254904911647 0.013249242252436413 0.006072381969976665 0.01329178507314577 0.03348674984879461 0.008141864249908143 0.12596921388296728 0.5848977301576612
2.5877569321637773E-7 4.2087335646140525E-4 6.306530315321286E-4 0.02327272149539804 0.1373349505276343 0.007274010827120053 0.008429575802812702 0.06896636344385705 0.00900468701774127 8.271455202229077E-4 0.09744288230485523 8.422512520522734E-4 0.010653708559063 0.001112981382061352 0.002185271133022667 4.46865211781558E-4 0.0038260217922690895 0.005962236365644189 0.6196210374403583 0.0017455047604193457
1.4723418433145555E-7 5.321770535676093E-4 0.012109263534249326 0.5065335404668936 0.19444560665080549 7.607521473281174E-4 5.063969978875227E-4 6.0085955346622E-4 0.004496848332640392 0.008083577902182688 2.8612489276767594E-4 2.5787319629513205E-4 0.013015032401049438 0.004721756204662584 0.018046372350333607 3.4851189645241016E-4 0.09926169546377159 4.848459024192534E-4 0.1346928193671431 8.157984518997636E-4
2.7585641457638086E-6 0.00642913126786411 0.008272986806426743 0.00408111407341991 0.19555138629979896 0.010602713009757103 0.06518478035802866 0.006174384680802658 0.050639902967098936 0.012438949337121565 0.057148752781068776 0.012409487071998297 0.22119744310300532 0.0815073680775878 0.009149704812297689 0.022334393437435155 0.008637189176374998 0.06337635909269225 0.11073490164536907 0.054126293437706315
0.112719424493803 0.05595372116243589 0.017130636147261354 0.02930537942631164 0.0061404014607615255 0.00357892217550844 0.0034150809535310766 0.001703560126233536 0.004154283900852073 0.004802456801990573 0.1652843830724514 0.13154529512319482 0.0027087897785512093 0.11409931304907878 0.00900541478425753 0.3067644981440384 0.011086864145205088 0.006577475134889263 0.008997535021601293 0.005026565098043098
6.460975169265681E-7 0.01771820036944653 0.07815937446165361 0.0025750195727222585 0.05125372153980248 0.003936022092796355 0.002483574180870092 0.0017006060454378426 0.0028542601117672803 0.008494908184550341 0.087075323079128 0.01980859299833797 0.0017230882422678833 0.34072021390294566 0.004395431753426109 0.285074534920805 0.007466098342323776 0.0054570989018568735 0.02695967017646399 0.05214361502588094
1.226120226880232E-6 0.0027599365124622677 0.002195457618252445 0.0014339640525986832 0.007861758084100227 0.006519227377219035 0.005158669315402463 0.0016509776820071464 0.003671070975112861 0.006328327246723075 0.004467273462825847 0.006535419883324647 0.0019201572239638412 0.00423876112263998 0.6662505025226834 0.002262392881694298 0.22609502271832452 0.0030848478187537635 0.03488180398163429 0.012683203400050361
1.7515557863090073E-7 7.51542496513814E-4 0.003900487328513093 0.0123401304155908 0.030835889863698715 0.026339701206381502 0.002921142857262239 0.026157883472730178 0.005522043903041125 0.014520397237280021 0.02244235820002299 0.010335529897796807 0.029827513563179014 0.047508729418233836 0.0024704410805799406 0.044728553009164146 0.06045780552848953 0.013783870769786948 0.5423056281253353 0.10285017647082129
4.4479675744485196E-7 0.0028676836621994704 0.06103566439898883 0.04470510006034829 0.08696408725977058 0.0021860788568938846 0.09078044854418109 0.0027583126824894054 0.020830275813784303 0.31559808115277266 0.01932700447789076 0.05234989084297724 0.1356847449770262 0.01076164443595872 0.0023575780790250087 0.0020508637692602783 0.06867089284309724 0.0018248898600654081 0.074900068075505 0.004346245411007992
2.0402211636748503E-7 2.414209527601282E-4 2.8685967860804946E-4 5.003542277326522E-4 0.001038871921977567 0.0017349473575648683 3.717931356318317E-4 5.524658083530251E-4 7.459460311459553E-4 6.414510118211414E-4 8.665047352344158E-4 4.551672343224876E-4 8.534874031628505E-4 7.795987643077599E-4 0.07302115035835471 4.3466842735178453E-4 0.9152694798134233 6.137142134547287E-4 5.575473733907553E-4 0.0010343675292855123
1.4041229926889251E-5 0.027067764533630786 0.008488161369172334 0.021875231611062286 0.056482191475704366 0.26205686467069783 0.07854726959913368 0.014589889076902299 0.053581834668738525 0.02840693050102816 0.09484786451401757 0.018523628804961126 0.10174302849906201 0.019942939095632814 0.01771017402632034 0.017133007429026667 0.018894595184299746 0.05879670948197577 0.05748360840690294 0.04381426582180393
0.3678898171448961 0.5253667511283823 8.28289388733183E-5 1.6974251512396734E-4 2.4315469726815287E-4 0.0015851870452096891 2.6559045932219775E-4 0.0020870636612635657 5.927649838215064E-4 8.483871307171486E-4 1.7205941955680554E-4 1.5565958290878544E-4 0.03668091270286153 0.06167625998360575 6.473043068011126E-4 2.017428530721764E-4 4.6537013110115673E-4 2.900749485981848E-4 3.179734687763045E-4 2.613548978403618E-4
2.0705428941339607E-6 0.0019263558783205604 0.001203697000329699 0.0038859683373850575 0.002820495576810176 0.005046225816100538 0.004657960896036515 0.16025894628154902 0.013301537295690747 0.003428290798450523 0.0021239851724101856 0.001868394234854196 0.7739609417909248 0.004504510370935056 0.005613314541504854 0.002951442015112649 0.0039333035855213935 0.002468827758421291 0.003032283544402641 0.0030114485623458555
0.6667295116091597 3.124975620899298E-4 4.622440271589187E-4 0.002063449236395665 0.0024659403655324617 0.0015170235811496173 4.5984294595247186E-4 0.003205867339946176 4.8276358409189945E-4 0.06661251931807435 0.0018344472361242735 5.687549436607214E-4 0.07586426956537771 0.05731856938448074 0.0026337656270305335 0.0574572138037159 0.002064894840163936 0.04081418522699286 0.013379176205482556 0.0037530635974195813
5.175980790116992E-6 0.008950202845218332 0.017046946682969025 0.06911072904617727 0.059317966405496726 0.011454182329542486 0.023102192427182512 0.007021183983442754 0.02550998158973565 0.012276766981632495 0.11662664064038238 0.058419540650903316 0.013218105259618996 0.01302189590869541 0.015417811239193014 0.014946890332638529 0.011783404089874014 0.16625454990024555 0.34123183281291003 0.015284000893351309
0.018010979141456544 0.006915217601656863 0.004127424480518474 0.04208441305027599 0.015986906844067183 0.00156745836435415 6.934062622688946E-4 0.0036481975001937525 0.011379508581089826 0.6066796183479427 0.02313133531034619 0.014860468817030044 0.037513753275295644 0.011178555744674445 0.007834124803310461 0.04210533048328206 0.018401032830034088 0.055699280094518064 0.07397062205293571 0.004212366414748877
1.8292583987090664E-6 0.04244452232462306 0.08569172142475158 0.09143087488633843 0.0317189793811491 0.010804451592465625 0.18534986571719056 0.07088357144501757 0.03334781498978169 0.21000030242408593 0.004202764421657243 0.0032784579318918847 0.09676810738186835 0.02377615295557215 0.009946876295469831 0.0031757999849684362 0.017864388121290466 0.005307820838585356 0.06928895987862257 0.004716738746271076
2.638654075602337E-6 0.008084568885969088 0.014560008835437604 0.0364504084841472 0.3730187594494209 0.006618434774746803 0.03615093361936516 0.010954331738971148 0.00871529537970385 0.011508871178123792 0.023770219476956 0.007980097595794301 0.010179489963229031 0.008270820693548767 0.014786630897432474 0.007305916098752611 0.023548715500536003 0.025585896927241333 0.28733755518244775 0.08517040666410056
2.0713596904237234E-6 0.0026863265387704572 0.007492599459822922 0.010709441351635656 0.20151710330779077 0.00481262218601296 0.07583676951285503 0.010594165957063846 0.10209133645430328 0.00559421087063074 0.26573253334857105 0.09504706252993281 0.0125650939076385 0.0057035974915833326 0.012769899059469847 0.02926318272561419 0.00592620224897501 0.01176096306753829 0.042169161085116154 0.09772565753698463
2.2994993591947575E-6 0.008646983843850068 0.025238746330793965 0.15541919371073637 0.0072449642789296905 0.0028014289694070016 0.032638345943000274 0.011067169524880795 0.054990017801657194 0.32997439649965465 0.0040796503740849555 0.03621753252028931 0.3020308790661027 0.0054378126707167055 0.0037984632352227646 0.005241209140259273 0.004840500699385899 0.002219843218336578 0.003512201800282862 0.004598360873050175
6.1850136799100685E-6 0.012891000282504443 0.004882211373643921 0.16139432805282686 0.025554631265092036 0.011321941895116358 0.047364479036378214 0.009321802508534812 0.29751250996811757 0.011492816068501534 0.07365688960749281 0.2237740150157658 0.023934571830711585 0.012233851246984746 0.010962837881793527 0.017739568188845065 0.01763985339384314 0.00959527878087233 0.012301289373420872 0.016419939215874275
1.6592516600131305E-5 0.03291350607793783 0.009088117060151358 0.011073668315310248 0.025340947924603587 0.033763945890578455 0.034922624465966196 0.01290711966208959 0.028239464225977794 0.047713077427874014 0.02768413718828417 0.03904000813079346 0.04772734706743863 0.0707052031529826 0.0514016443522618 0.014863070889619572 0.03598085229948452 0.048390964570406494 0.38047924023722857 0.04774846854441085
1.5045478627768437E-6 0.01747687846581124 0.03033578329402539 0.005628906490582057 0.02956907562745427 0.007107702395545513 0.1429998331104178 0.013811616173380333 0.014088642234713308 0.005674953118315236 0.007022868846980948 0.006659054304361987 0.03154401585768205 0.010804431031812708 0.006167054147218676 0.16628229505526254 0.0066984795698080595 0.08159554875763603 0.406136997610473 0.010394359360656101
1.838545742095342E-6 0.003987511516632498 0.04938796228351769 0.0032932577324180016 0.09090326581909446 0.018723395173128283 0.02376496586705129 0.023133224131128706 0.011488759725508498 0.010904669844573106 0.01583610388157292 0.0034498648886763317 0.01027156281435169 0.058315297569614635 0.00449919483768991 0.007472794720251576 0.01614541321017951 0.5886062062065736 0.0092351344651899 0.05057957676710533
1.428960775161955E-5 0.007322075123693466 0.007235885252719113 0.017129072275889605 0.25853989197901295 0.043310802907053865 0.023171365819908557 0.018891863592346403 0.01910585211826881 0.015402067237211513 0.030489215298346334 0.027734571425795565 0.011705034375335325 0.014792918053343611 0.02584713097934337 0.01820351793385343 0.05506159066001186 0.02536609126546098 0.27053508145870764 0.11014168263594616
2.9979659236090193E-6 0.003428843245421317 0.005025221403477777 0.0056452511048978495 0.2287811835980075 0.00649512344688408 0.022540463462549287 0.00929098175523364 0.008192140319021313 0.01024435280838671 0.026667374064047573 0.008980158265755532 0.00763083634826227 0.008017347199289232 0.014765965246154736 0.005328545307272101 0.040812603653253426 0.009101786582980427 0.48847455599170847 0.090574268231473
2.0181083080274453E-7 4.5772602288306663E-4 0.08399469949697091 0.00494765674302406 0.34600134332752625 0.0018929213176714613 5.923897274380565E-4 0.2757755311393843 0.0015762318825989442 0.00140157715362182 0.08511737235792532 0.0015338200206856745 0.002478418395117888 0.002173391854804698 0.002399934699479406 0.01655257770810322 0.031551353867095504 0.008243782030349022 0.009248556078380004 0.12406051436610974
3.7975141958804104E-7 0.001678004273968632 0.004644454488469356 0.1274425420713852 0.17379499004983429 0.0025529270738578968 0.0016405117528034306 0.011358184331882482 0.009015125573840087 0.002818819586337726 0.012415615652705518 0.004504241662393425 0.04515448441261836 0.0036323024100663936 0.004848187275598447 0.03191942461284441 0.027944732212182646 0.07567117277009361 0.14758946578237003 0.3113744342553285
4.508888401449813E-7 9.735031750076181E-4 0.001394641730077333 0.07965866115232041 0.08219624172070851 0.023498637635242927 9.79793362629384E-4 0.00265323020571093 0.0014580420286899483 0.003702067777322933 0.1355017156689785 0.08147936301236516 0.07400713003629326 0.2885981329006111 0.004767757661777622 0.1875872454493849 0.002604515982161219 0.004483221389712418 0.0018328060645747297 0.02262284215759093
4.333257866940272E-7 8.99404624242492E-4 0.005451704972158423 0.01868034823029905 0.015895095936055138 0.006447378712766299 0.027717826713181484 0.002759001975677324 0.4264185814498162 0.03486221096907118 0.1287864964159411 0.17587153601872316 0.014434805971416493 0.01798793334295429 0.012311860734515697 0.06883005942551321 0.01107887653566932 0.00597344471013223 0.015538049354447428 0.010054950581632829
0.014150815648493274 0.002985089528871282 8.495956037154701E-4 0.0011780413637287913 0.008007915978531904 0.002513344491633261 0.0016942592075106693 0.1371402208828137 0.004118625073522183 0.0022608211275742954 0.0025893647807651954 0.0040910154764759645 0.007227505647039901 0.0025802356767371444 0.006580558462921565 0.7853398037568844 0.005749350386727214 0.0018916653980008513 0.004769897949203683 0.004281873558849354
2.051446454648381E-5 0.013198945038048708 0.008997339970778588 0.012258442079011486 0.022688182631240738 0.025206449775685518 0.026948080934797017 0.015415549461485918 0.02694390019241367 0.05661273110293349 0.016813895872591134 0.014607190795792325 0.577692716428559 0.04762012170904415 0.021452377516658242 0.014454771305353487 0.02497688278493802 0.02117818224136028 0.026692507413082257 0.026221218281679486
0.026617514187882427 0.001053911586752821 3.576945781997199E-4 4.4309783376696827E-4 0.004481292661969099 0.04209611704722823 0.0010067820976931694 0.002329600422451771 0.05879672518502164 0.03870781517143942 0.0011425855872759492 6.647566076076087E-4 0.642024960031744 0.0459663462832081 0.009850394360279239 0.0017609779546279777 0.012782985310448714 0.0017020216538364203 0.057965680310254085 0.05024874112831252
0.2560673829434013 0.003409409472798385 8.072095997416078E-4 0.0014208297364579413 0.00241687609514835 0.018433128564051975 0.002324303097308915 0.0035443114983405035 0.0027232389253260035 0.06692718824748868 0.002259170748147363 0.001544862270774945 0.26519315763203577 0.26990604769777343 0.0036893209123470792 0.08046194494758865 0.0030401892698123344 0.002671192370263964 0.00667120290510328 0.0064890330660894065
1.21266958053478E-6 0.015622569579333579 0.015907406956002405 0.011957672574983093 0.12151334234931364 0.00435376873589544 0.002996667635913088 0.002250475721324536 0.006314725152857419 0.004266362408788362 0.3552269376476643 0.2027154748144038 0.004528244261511058 0.06383130861718785 0.0034648205605275115 0.06435052915675522 0.09039650319656577 0.006154621052757557 0.006372034348271435 0.017775322560363262
1.1025416210515457E-6 0.00342641313691862 0.002671245739578509 0.007738531819275751 0.21840160214970378 0.00403065976287996 0.042522288741741306 0.002041003458733887 0.005076940902423586 0.045389062721491916 0.0025608276513251808 0.020500881033305395 0.008902078792035856 0.014687373705369178 0.004948269848140437 0.013994226360948806 0.012226495110869404 0.0038604357293862772 0.08762792417882347 0.4993926366154277
0.609627164798099 2.494303388215742E-4 0.003270634450860535 0.017501948093610265 0.019892792063588627 6.622168533321345E-4 3.848359482211412E-4 0.1331436641977224 5.929234769027923E-4 0.015888651973136256 0.005705462045482545 0.007561604905250283 0.09246502578605723 0.0026979501003540777 0.001829948212111077 0.08490343319970156 8.773811195836543E-4 8.422518974052632E-4 9.157094562592861E-4 9.869710835004916E-4
1.94874427759014E-6 0.0031659073510090377 0.0035979872101534055 0.0071213496194052345 0.27792869906689044 0.0086786818780283 0.006277967339281278 0.007940076160733708 0.009484293458289533 0.007753832022913488 0.016419888535890145 0.010631060889819811 0.005353282890034547 0.1039775484101943 0.016578225567462343 0.005761844023978602 0.025368452214017248 0.023244303433938764 0.36885995929308524 0.09185469189059699
2.8448928400821397E-7 3.996126415129614E-4 0.032886058849294894 0.0681153039933401 0.08738641366434437 9.825172499581078E-4 0.1203770072290397 5.86843127666861E-4 0.4454516626500806 0.03812537615977862 0.13692124324150876 0.034578988903467105 0.004930951088713128 0.0026592241871923306 0.004465480118260712 0.010662734030907122 0.0025383622608171684 0.0020637419677659486 0.0033754812173342795 0.0034927129297333873
8.328580975394875E-6 0.020496525212726113 0.008059487010928885 0.02492354565759186 0.2694690819452799 0.038421785783560425 0.06352809617477628 0.011537371517413068 0.04387562211595675 0.19715757081912655 0.03828987587102388 0.03617753506995015 0.036104171326012374 0.020867567285349158 0.01990028904919543 0.01385777268497326 0.05550554996769884 0.031123329781416006 0.041553250628176004 0.02914324351786959
1.4162827196791703E-6 0.001346845355933727 0.006605104904944807 0.0013212939974178502 0.005423227788019818 0.03257416384199718 0.12130400689673704 0.6507455957177245 0.015319043100880692 0.005160252392095303 0.05695425527633967 0.0028239457055562836 0.0062865096881019 0.00765834036691895 0.004492297970581122 0.003483695753248494 0.004429306939248426 0.05038559981306515 0.015824163769211582 0.007860934439257753
9.592342357688364E-7 0.003261979424716818 0.005139408571798159 0.017148094344164342 0.007919441109706297 0.09299981710990307 0.21266587166734371 0.0028679480006736343 0.0040221439216894155 0.016950343370983816 0.463013823384274 0.002616602502946486 0.05292523029118719 0.011100392098437124 0.004402619323199048 0.044484842532317694 0.03662430754044281 0.010119084239115351 0.0039952895856248324 0.007741801747240561
1.5445533446354535E-5 0.026849230912489534 0.009764376525816777 0.027241416197487614 0.06518840314315796 0.037987735330787135 0.029241608788120124 0.019224514402296843 0.04928330709325107 0.09904936359016378 0.03211283827724126 0.03224535655155615 0.036107554788713005 0.17758942086463658 0.02715843530782974 0.08504543394770722 0.07978025321469082 0.03596899793726933 0.05115852738687132 0.07898778020646739
0.010312671657965724 0.002222873255577411 0.001802207967266737 0.016845456858219473 0.008909235880667258 0.005581465360799047 0.002233010796682 0.0023583875308850993 0.00505974180235183 0.01663500223272259 0.055638241647065344 0.00745404771327321 0.01907689921115092 0.5124591482777077 0.006302283277947983 0.08085834726546376 0.0063529910843692075 0.05450609063648383 0.06848471083987086 0.11690718670352993
0.8176595204171262 5.383798483150734E-4 5.234790353620927E-4 0.0015227968304933864 0.0027282434289287736 0.008253182378565134 0.0011843356782905172 0.02249953566065448 0.006175166147118353 0.004881279572493249 0.014688692946697163 0.0014003325740064802 0.07917990705891449 0.003942423796059545 0.0015225735037146543 0.0030808521979822346 0.020599578938794563 0.00485566480526646 0.0018141259350339016 0.0029499292461832994
0.4497003289963007 0.0022199607749651667 0.0018500056481239925 0.001452398118893666 0.0033927459693724273 0.028214929692003426 0.0020791449179517977 0.10268509964416386 0.009214367660462975 0.005001949771936173 0.0808740893891673 0.002192419807051041 0.011616384257014261 0.1318197765739659 0.005717149982485736 0.013459597261957477 0.025311719367571327 0.10844624389251836 0.008949229604186888 0.005802458669907522
0.5000256591120814 3.770312973832636E-4 0.028423779843132987 0.017826151335157216 0.006426723194248556 0.007676524953887528 0.002807396212026521 0.2607282179223311 0.0014088192663665403 0.04654076066595298 0.031314937973646186 0.00140359045277992 0.026264976357226792 0.015398217567900739 0.002876630337660187 0.028302596450725772 0.002750149021621771 0.0018378477636149784 0.0042616490096854965 0.013348341262570153
2.2206244684956084E-5 0.02336202002955326 0.016654966466389604 0.021061840054205548 0.058145529112601034 0.09969148830245585 0.03186177332395263 0.035843234547820894 0.04975357866341854 0.032035109176392094 0.0524219140640671 0.11341487184046462 0.04535947263536826 0.044642326771959055 0.042738666441617376 0.03172441974364569 0.042350694965580304 0.10000429959761697 0.08702939200164629 0.07188219601655987
1.372954971747238E-6 0.0016011513707006291 0.0038505582013510916 0.0021725524540989628 0.02457272944977876 0.0049048828805167595 0.07941221486536862 0.0014428825981069248 0.3805988692096645 0.01756756574578978 0.0034549207301896178 0.007069091059848982 0.006480191807543756 0.005482276529536616 0.03718169826586694 0.00227819821853201 0.2030314496301491 0.003330842170833081 0.17409595177005682 0.04147060008709506
6.7451523400214745E-6 0.00917955387786834 0.028453737446794945 0.013801106206529051 0.07642102465231713 0.012644805089393179 0.013855545407052337 0.011140837256501442 0.01618925512587958 0.04565637430465785 0.128083670439621 0.15551984034577016 0.019123044752015816 0.08597821179092778 0.014995397517421676 0.15389426682956214 0.0838986186389512 0.028983998748961393 0.03510034858738351 0.06707361783005153
1.866318767842139E-6 0.003006890890434372 0.014224147694460228 0.005256211321267509 0.005659640419529112 0.004055505804828577 0.06984672084091852 0.01266653718757537 0.00439114217869623 0.03306600844091471 0.02630838348486808 0.003482796550785002 0.009432394107591729 0.029514934425717565 0.006021773697668001 0.013393116417230873 0.011734094501109316 0.008788219284550633 0.599670185540965 0.13947943089212117
2.397676291244287E-6 0.0029347992824216317 0.02830669724573187 0.004158651375928232 0.20685724227175561 0.004654509167502259 0.03512082041119415 0.002205185534453746 0.26067761743822665 0.15796774368401398 0.06352152668997393 0.03253124949283836 0.007833861168272074 0.03575151169647267 0.005903444597520075 0.0074833331209532405 0.0832726715397528 0.005749469949925635 0.0094162849787476 0.04565098267802432
3.916625069370825E-7 0.002654337352108156 0.006278668802097373 0.002203178016596448 0.49787255135628145 0.007090548694282689 0.03218305258620698 0.0033895360708597615 0.014484893032177107 0.04533650297041505 0.003313050842955598 0.0015251711880397976 0.016839005915681268 0.051493452449927354 0.004980044450607682 0.0033715422110887467 0.20399534932972543 0.004695613061446815 0.054978357664883966 0.04331475234211138
6.886794388126394E-7 0.001739375820679844 0.04147144667707839 0.0026380200908939807 0.11200088417783172 0.005906289865653512 0.00432652588297831 0.0014205859241996747 0.011640096532399651 0.5764083935417498 0.04531362742425699 0.0028530795413467544 0.008195278904735105 0.005694085864185978 0.002299121214805617 0.0018194205237753362 0.08911340889794797 0.0024497820701841846 0.07309542469506518 0.011614463670793352
5.811013367882012E-7 0.0018422911961322095 0.01593805254508459 0.00410634972558376 0.0757298426400344 0.0026718083704184454 0.08265969845328007 0.002010223566568822 0.27577755167277446 0.3850019187610388 0.004089869238569382 0.056503015828963415 0.015406099015445984 0.015899483635928115 0.008407849400324803 0.007311760417741887 0.01864522016465538 0.002100875173432684 0.01795908880394466 0.007938420288741161
3.325491849689086E-6 0.005914129351122883 0.026502998565456057 0.016286873069614682 0.17565460302902539 0.03144053235841692 0.01213885766436756 0.005122128761199419 0.010829194120037902 0.008712256276726723 0.0210301203583085 0.012528580594171014 0.007225382549636222 0.007915235212417122 0.017862613932182705 0.010406974151721857 0.06220412281708615 0.07186590484499433 0.3153287957763526 0.18102737107531222
6.1668535766346084E-6 0.005277053874196088 0.004861893368597865 0.005990850095540367 0.1356858547976642 0.01284015184573453 0.018798187883784137 0.006676649573951979 0.02262440918604673 0.014681455594902467 0.03124953402220462 0.010298669867808714 0.01149707908769691 0.013603267175911055 0.01737372750975433 0.011714923479744085 0.06346352320298587 0.03267366432590309 0.5502415765316934 0.030441361722302968
5.536160521095984E-6 0.010582780022803565 0.0042913444848391045 0.12742443042098128 0.2381228093172442 0.010829067317243642 0.012570210126694105 0.009760437945580585 0.01945413998656264 0.03284877763639441 0.15613165105430774 0.04863910181589025 0.026730510513733027 0.040613101807862394 0.02378003204839397 0.03976149797683938 0.029423591899819346 0.07911424907057621 0.027739659118990366 0.06217707127472275
0.014429127417741074 0.04298137158774826 0.007286311102243018 0.02865832038657823 0.20005966514328358 0.005060811045102409 0.0024469006628309465 0.011139003520316802 0.003861814888265369 0.0038362251566253294 0.0026631730575930076 0.002084421186040889 0.00385655007736806 0.13870803024053047 0.020108817140008867 0.03802916336653046 0.004610807834275231 0.03377986442264495 0.4147101688833261 0.0216894528809469
