4.451697042226762E-7 0.33563725172858755 0.018668666837878916 0.0038576741807234078 0.010801693606873384 0.041116654250751235 0.004136601062920437 0.11049017387861751 0.006817486873695467 0.030928264314977204 0.004239859042086608 4.456154845248073E-5 0.005003137933772976 0.0026280949440507725 0.004824707915030056 0.003172273126377892 0.0444964166030777 8.745728901880388E-4 0.002183284025843871 0.17537730232127152 0.17031177739437497 0.005945264970514298 0.008878589390691447 0.004186291318006533 0.005378954671531375
1.8766028240490623E-6 0.02643776054148005 0.025345549915475076 0.00799398122458501 0.004784233017537951 0.024584518409772053 0.01601497231426224 0.0836912899984222 0.008880942164398959 0.014340431847021225 0.011171079982646362 1.790067478420543E-4 0.011631576542432744 0.004496966833219239 0.02713291536331995 0.012701536434608302 0.049007944115645824 0.0018023673339751015 0.011103431767423507 0.5877289502986035 0.040074232687941136 0.01058897065365156 0.004522510760093878 0.0031272042880983067 0.012655750154719808
4.158172920558466E-6 0.010747246196962216 0.013961584067657424 0.024752608823266877 0.005998715401488841 0.021896186887915337 0.16735616368059947 0.017584643954250107 0.028261040506626957 0.01342548127591302 0.3330802987543708 4.184476548126107E-4 0.2011130910081764 0.005190550275496029 0.04199266937573628 0.02230167177556982 0.01167110889553367 0.0016391733475055483 0.03107763077642889 0.010495739440268059 0.010219130049686807 0.008519453987354713 0.00803890201899726 0.003921808359204203 0.006332495313257978
3.331566423280145E-7 0.0011042233968214649 0.0013515682421045118 0.0011036724797879067 5.628738296671446E-4 0.005048739521485076 6.497975528403321E-4 0.02932616530077365 0.001091234329868484 0.0014145889132134045 0.923713348705873 2.8676881902905695E-5 7.010740182129554E-4 3.946439188352338E-4 0.0014163275104541071 8.946678916107659E-4 0.002054742218545645 2.1683617146368647E-4 0.0033309220866051454 0.00909569678017454 0.0012779981093540107 0.0015318353300574359 4.1841619732944555E-4 3.5460695068739197E-4 0.012917010505689679
1.1131366861237486E-6 0.08078569988630047 0.013175763750533451 0.005925790608536026 0.017985734209437058 0.01528107440607168 0.00889544621727927 0.1274013897101251 0.013837451833648796 0.042737281638209716 0.01226199928756367 1.1032077237464153E-4 0.00926879349698593 0.002951667737309688 0.008385859518797455 0.022564169068690566 0.05299235286352735 0.0016943056396391484 0.005981884913069048 0.07949320231802097 0.15733437408324022 0.018093184261739927 0.2925442672516416 0.0040631862322374895 0.0062336871583344895
2.715659714411245E-6 0.08704187617040374 0.015529325158709684 0.008991766633527772 0.00510150986646275 0.023823563521935168 0.012996069686274871 0.07480576629787858 0.013469107567770153 0.011604194116135702 0.017121790140332986 2.443979105533503E-4 0.012053328522968008 0.005661073158660381 0.041374413729315704 0.008127435110440156 0.16840998464066986 0.0017434509000042702 0.0205170528695046 0.2060933553848518 0.23425245629152075 0.008475426237187748 0.010860237195246715 0.0031381775962204053 0.008561525633710359
1.2876696322309567E-7 0.0032854700559289234 0.003281987700966128 0.0010034163115282017 0.001206356107655404 0.009997010334069538 0.0023511600322565604 0.1246003003913468 0.002216645802219243 0.0045008707230394995 0.006469194564965653 1.2522337053275338E-5 0.0030140477111389214 0.0027318302370991213 0.002161702369533512 8.512190578853554E-4 0.10388070148213063 0.0042913153256752155 7.015416844352635E-4 0.6589410356971417 0.0025508555257809677 0.0016756148975338155 0.0019370851927566044 0.006829985324317149 0.05150800236657935
3.208303960249677E-8 2.546493008768298E-4 6.132386384057551E-4 2.0674375970018566E-4 0.8513763364678951 6.657363726786492E-4 7.63774383179322E-4 3.8581718725028656E-4 2.3056650971655103E-4 3.41123242703531E-4 4.476806093277161E-4 3.2608155304017503E-6 5.835389381625385E-4 0.017418974055406187 2.859927759219962E-4 0.0034423463006369045 5.150535747084986E-4 0.002662199980682375 0.033348540512934885 3.2970932721313286E-4 0.028976675922203033 4.24903592044188E-4 0.052576395934053034 1.710004487324182E-4 0.003975709266996676
1.6257978477605436E-6 0.02134853350733548 0.009834131356817261 0.005801693545600504 0.006327400830867191 0.012707504674708279 0.01003323138201958 0.01016381229075088 0.06630353885906333 0.00920237841257921 0.01080835017218089 1.6658369723143523E-4 0.00813692310215745 0.026462627724035463 0.015162035768962244 0.005474800815098275 0.020150696991263314 0.5776459759519665 0.05838198109273752 0.017396696096535776 0.03305162844648322 0.053491525127727854 0.006545616098231841 0.00595428131429111 0.009446426943507304
6.24872568956195E-8 0.0034253290474510092 0.006187194939275281 7.54541034155468E-4 0.015617067308592724 0.059657744706708864 0.008729941918615636 0.18668550104445675 0.016401179597794566 0.009120398217134685 0.010221951846414846 6.453854588842436E-6 0.004364358395504075 0.009809789458672271 0.0011659479177731377 0.009596350244035032 0.026256895516552678 0.005920310963906543 0.0017943017753942003 0.4816014635630627 0.016708371527932423 0.018426381781520878 0.09671870136387144 0.0016486782430176993 0.009181083246311223
2.9600815792071163E-7 0.23197674317500216 0.008527977862630372 0.0057617594273580725 0.004436883798122519 0.02000279920292896 0.013918848295831749 0.1378334664286782 0.08145299294648708 0.011557026329548097 0.007829744324944465 0.051870247685328115 0.007621256785195708 0.00238293692725265 0.009663509944016171 0.03098005991049896 0.2652499199259932 0.005554559362717445 0.0020814851765159213 0.05631172633421588 0.005396731446725317 0.016048965606185198 0.014966490545711145 0.002195447038948694 0.00637812551100604
1.97985702538385E-6 0.05960183395562352 0.016077544135023464 0.006237740357464807 0.010005257395923844 0.010971862807319821 0.010978496626294881 0.02891194828594517 0.09109119438041213 0.009536530842321094 0.01035772121799476 1.8558853667583172E-4 0.010508804171901242 0.030985841283565053 0.014400935175485644 0.013106345765377728 0.0664891386941555 0.0059731330266858985 0.010443282374363117 0.020277663429847378 0.1571349964254677 0.1711946394946309 0.00703384454831813 0.08354493189235923 0.15494874531981795
9.045606603445005E-7 0.00967340415855823 0.021185364493975564 0.005893448621062608 0.060000913838573484 0.019250172786270732 0.03459409601432003 0.00609784998838116 0.0058561667183874575 0.01106206141063383 0.02403514558773238 8.675572464089551E-5 0.018914765008222784 0.03525219263561308 0.008280188057718756 0.05716375120213497 0.020771233732055087 0.02798916255049169 0.08031472407127836 0.1568652742806255 0.14635857877797775 0.06397876886422871 0.015466535209988279 0.044749970030110726 0.12615857167635758
4.42456374868937E-6 0.0174096363344048 0.013669083449977375 0.010477145726380963 0.005935437810733871 0.017380720455101955 0.014157466561570397 0.023051890461043577 0.008471504393110155 0.010510917993671754 0.021092135330117192 3.8461676542758547E-4 0.012788254556661596 0.015945080151105608 0.014111619961602347 0.014440244430840448 0.06350924152309112 0.0025376904342619784 0.05121792990306123 0.0203859180123542 0.6322099655407765 0.011046417111224487 0.0068443502797755264 0.003707126764679961 0.008711181485276854
1.3872038061282498E-6 0.05541469565639149 0.007405878751212967 0.005026865845108701 0.0030635899871866244 0.015958675116345973 0.005349534299373252 0.1334081073479757 0.005139117112241339 0.03997998452019527 0.005646055656595316 1.2723269865730848E-4 0.007666316198708072 0.0030049175810840465 0.014702060806008683 0.016153018609089322 0.19524483032199627 0.0011170608551309784 0.0036947304155382013 0.0384655017515827 0.4280937747326831 0.004938506506272555 0.0030318519258535365 0.0024253964420081556 0.0049409096589542656
6.114961037847706E-8 0.09866137093132503 0.0019160364175609202 0.0017864393266904892 0.0018951937895812926 0.19765910261528108 9.91178742959681E-4 0.006440162049687171 0.0030967301180038964 0.00402000526905025 0.0010976671647537194 6.227892740514695E-6 0.0012463626391906357 0.002043821507386365 0.0012191149389250905 5.992803620338032E-4 0.002135170285665352 0.0030591951945687828 0.061534588444515315 0.23642117870945528 0.34671072239002193 0.002587428585993656 0.0016158617970570331 5.052061436437162E-4 0.02275189353429855
2.3783831359349726E-7 0.02534270054234919 0.004854830656026909 0.0026802404864804904 0.027506368416697586 0.02735676327160655 0.009151233710229693 0.05958845453321546 0.026968462337852304 0.01466851936472719 0.16269487537755653 2.5311410685065544E-5 0.003532116599399182 0.028883039179932516 0.45905904968279654 0.008534466062861165 0.043774011048746134 0.0051664342551263785 0.007310038791429489 0.029106622949464332 0.0024745105225492886 0.008353515620192396 0.039126238164729994 0.001800189032630247 0.002041770144401989
5.53673604975037E-7 0.004344155192971743 0.007385639962777674 0.0020635586800271345 0.0020539918463072125 0.013078122224381154 0.003835352718823305 0.00820646135869698 0.004289816578737081 0.009307428226787559 0.002444336158956208 5.371468491529875E-5 0.003849955267130241 0.001885951889503523 0.004423956498574321 0.004016742977118587 0.02864618724896942 0.7335541596769339 0.0601145229165126 0.016733928780526524 0.06181843735156672 0.00703219646370436 0.002198209722600679 0.0012815882100013646 0.017381031689871512
2.7434987816520686E-6 0.026678036799580567 0.019916822233543102 0.007233824615401934 0.009967801549132977 0.013366230208823288 0.021395584422384952 0.020472264293667972 0.027271881397946566 0.012718923232891973 0.15197188313439347 2.536397722238668E-4 0.020874309545231288 0.0050005496419809154 0.12342816739665474 0.009173983759055293 0.03772587611474681 0.42742041187455754 0.008082373615476727 0.015154195139399272 0.014687811395608147 0.010130554583025277 0.004876186627996279 0.00686028503010251 0.005335660117392792
7.903589175551191E-7 0.005959539569572139 0.005955239027774812 0.0036028545148310736 0.016767315324238648 0.009531607074319545 0.004977123552244585 0.004971066922509062 0.0027316851691606167 0.00596937993191582 0.02001537349146632 7.858438306607137E-5 0.003877244630580375 0.2625616933879386 0.29348340000133616 0.015286707784458698 0.017661161872877678 0.007850494122559809 0.06531332476613316 0.022138203286833417 0.019108342777497286 0.004282652566900553 0.0027047559620175833 0.1948178758317338 0.010353583689116376
9.926309388835816E-7 0.03364587954882638 0.010129706103765979 0.007430297834754554 0.02170165582636816 0.024110323796152917 0.006128195206803838 0.012133517120537342 0.013341056032543624 0.014338889982321804 0.10409650882614775 9.983322659742922E-5 0.00801205959789811 0.007084563236301204 0.3861470686789971 0.003950211379192858 0.016247339438922957 0.008955852689725556 0.00681742285175439 0.017193591458304847 0.010686328366154636 0.008448420167989119 0.27239651124499686 0.002423805230782996 0.004479969523220547
5.662674528620439E-7 0.008570009624762549 0.0036841326158144868 0.004286056854659291 0.00310462168924868 0.009038040776981704 0.005448750846225075 0.08640952125597674 0.006323121562767706 0.005845712274848763 0.004065145856326844 5.405703521899055E-5 0.0035683281566545604 0.002799212970789191 0.016382215893593573 0.006695642340258766 0.06996164084598423 0.016066427527554127 0.01380380367585118 0.6057554599028565 0.10258467521109917 0.0050226328341684825 0.0017489994252120975 0.0020860862178816424 0.016695138337812745
4.946399968904176E-7 0.0037992995149807333 0.002758912909289855 0.24038036511195035 0.002564084153193197 0.007168915529721696 0.0024238958042463823 0.10940791576554561 0.002358067569045924 0.006249580892467098 0.0028564291906200516 4.4610641424487155E-5 0.0018884712737334039 0.0013373134623190278 0.0024944599839785654 0.002445642196153609 0.43056856513569985 3.696284605574326E-4 0.001961414679471371 0.15493797441270452 0.015233001817164634 0.0020528075686040426 0.0012976971872704578 0.0010940140033757417 0.004306438096484991
1.3453624845152331E-6 0.017066006296387205 0.009420517774043147 0.003861454140603186 0.0052939918010867495 0.009646134110189487 0.02952129633215884 0.008939040094850314 0.005182271857678967 0.006528197939370372 0.027953509471058288 1.3005590334580442E-4 0.012617498866736772 0.19367631222149456 0.5000653964123081 0.015015694287691854 0.010675922924228615 0.0020692131313017094 0.008274065472915846 0.011596817249283674 0.08730330099640043 0.006251684486605486 0.004319339946015974 0.004456610868873556 0.02013432205288627
3.9604850118928557E-7 0.006620315419300916 0.002507790394465178 0.0022555643872502473 0.002688323174621672 0.004255572875366451 0.002955712304029439 0.01202082913226083 0.0025049457880572355 0.003484687634737477 0.010879014980974676 3.875548615197756E-5 0.0024773705451487426 0.011944057735082517 0.0062771717775460326 0.10272112176928405 0.16740079581484826 5.175921936471039E-4 0.011965980568727035 0.0036302527688769743 0.0034277241213714906 0.003509476632127315 0.004578246670610832 0.003573376983595524 0.6277649247934168
5.320718271468109E-6 0.02233404059428856 0.028850489572092682 0.017665221477523505 0.008129179655476687 0.05412949631478664 0.20450642610589076 0.3406680802560154 0.018241263313354055 0.02275110399381938 0.027958186916813177 4.6616980629216314E-4 0.05305114087136919 0.006298058189908621 0.020008354840767833 0.018985456223679878 0.032265956672591765 0.002884792559478677 0.02111476221641123 0.030149061478221672 0.033310965718055224 0.016536681137508318 0.0066002484123313995 0.004014603660771169 0.009074939294280594
1.4086522856123646E-6 0.05814858456184222 0.08769791194408735 0.0069224609884047045 0.0057310885475049195 0.012684496025092003 0.040186363456670725 0.010263896055667354 0.01332399800906166 0.007532988022380074 0.01630132996396648 1.359052492784339E-4 0.014934179050294817 0.06011922624229035 0.3115424376645941 0.00426086699294829 0.024796461922947332 0.06088164890362019 0.151437068763745 0.009211495966588254 0.06171174858743526 0.021345505119391827 0.003963563228864588 0.012428202175662713 0.004437163905375395
4.282083590096559E-7 0.009357549872141173 0.007465538966798878 0.0034238535768243215 0.0042737014509626236 0.00881303062334672 0.0032412042696300285 0.010273648717726272 0.0016944211055256798 0.018611941896949168 0.0029253243775058816 4.0482556440149596E-5 0.0026213297722574545 0.18404703202676667 0.002976008558017467 0.0214605421579563 0.03699816355612334 0.002147135689467631 0.0021402021956529924 0.04672934948127921 0.18017893774552243 0.0044616618326920356 0.002186866930896591 0.008538146574398647 0.43539349785675907
2.589059623602647E-7 0.003678754658729642 0.015149820169536317 0.001099959218019848 0.001020902305441155 0.009629337096681775 0.01046691570085933 0.003310286120799698 0.0021753108657705787 0.0232310448635884 0.3428320896110023 2.474232488708047E-5 0.011135951019899814 0.07744168029322587 0.23721757820013767 0.024995962222477526 0.07175189785015136 5.318842413600959E-4 0.04468314313168068 0.0045341774211779436 0.044763507760689866 0.003124987296321112 6.740889390154473E-4 0.0646756010164666 0.0018501187661177697
2.2374547435464807E-6 0.017659535497122337 0.043077607842442106 0.0063403971162400525 0.08112139413032125 0.012116095832781087 0.024024113767875815 0.02327986293655201 0.027300450890218958 0.010052411058947794 0.01591537918829117 2.308166203429886E-4 0.013572819022994181 0.10001666154103228 0.12969521472863954 0.008616584822921963 0.08117504743358499 0.003642299963104547 0.008494568974881508 0.023367942597928997 0.14044154229628963 0.13605675328314448 0.007784948117161584 0.013701902602942928 0.07231341227949427
5.469549313685612E-7 0.007328864045850761 0.008042576831546236 0.0029593841307505317 0.027531453634594204 0.025329076382887446 0.03643971571841852 0.015156985614900656 0.009516218260599887 0.006654678819652229 0.014874852628777326 5.5140368697564664E-5 0.017368880379273137 0.006896867316745122 0.006032831338385773 0.14276276074353897 0.055607382653538366 0.01773396307100764 0.02613843248615463 0.005997258527725324 0.009269647877050915 0.12166923961903567 0.0023777946921846945 0.14154575236239017 0.2927096955413628
1.6941743580193483E-7 0.004204220406424312 0.0035195422244201483 0.004192620475576782 0.01657350287929047 0.008340513999880672 0.030869755631913548 0.21997838882900533 0.06968222675862235 0.004130743501812092 0.00764894486196909 0.006895448108271676 0.00726757141949893 0.01758297620713781 0.003673191635473656 0.006298487774183432 0.5170321836273013 7.320278524819994E-4 0.010268513271327972 0.0031277074462680156 0.008895113529849289 0.020054235321251394 0.019180693113432613 0.0014640626941991297 0.00838715901297226
1.0026251712452574E-6 0.007841147965750438 0.016069625852786644 0.006902218847517305 0.005585491649114925 0.010418294228112659 0.010443305084326907 0.009358428048056812 0.009768754357343755 0.01404800173511815 0.2388266793306479 9.415905410782848E-5 0.0094929165730775 0.03943597680885203 0.05459838408551187 0.03763277299638088 0.2985780888422129 0.0020747367705674234 0.031640663710240685 0.010025144664988035 0.029075419585731326 0.015629542677545648 0.006045941950792307 0.03364353348675562 0.10276976906928938
1.3008137366841104E-6 0.1167757788755444 0.037206627519099686 0.006554789609036801 0.017825732355335674 0.10779953341992227 0.10233423969177725 0.016451460718470264 0.08880475448328029 0.01281032792582021 0.059705638748143164 0.07858819249807328 0.021706658104612937 0.046630492102964195 0.01768886355273332 0.007637033729406644 0.021071322539887034 0.001635499374012779 0.009681252525697948 0.022960666495881583 0.14458316825998366 0.03916695369411962 0.004487550819495786 0.004454142492582692 0.013438019650382063
6.418446121879517E-8 0.009571045279765307 0.001632587620631238 7.357126756482416E-4 0.7494958880718695 0.003916203361057946 0.001849282059628365 0.0011223970664348427 0.0068422104862257424 0.0033457007508190077 0.0049094987476495325 0.0052186574264257305 0.004979185603527037 0.009223881924704644 8.561401796070161E-4 4.1896818436394076E-4 0.029106710427159115 0.012085045617549799 7.833127108807834E-4 0.010228747310910393 0.05027349582724832 0.09000807790933475 4.578670869399322E-4 0.002237061414008982 7.022580731488367E-4
4.098473446317761E-6 0.018735945923848387 0.0333370442570369 0.013065101268990293 0.03509918095299617 0.02879593297816113 0.059681399023750484 0.034299626120694364 0.01966829610434036 0.015826798188169962 0.04231232916965635 3.8972890512469996E-4 0.32100422567417347 0.010252778099673041 0.04703051575972065 0.0208914609803776 0.054355828748682986 0.004262126206444057 0.021120098417899993 0.035942911379432 0.07146971091953407 0.06252049081835458 0.008979700031085959 0.0080981157240419 0.03285655587436424
2.298958026914771E-7 0.055355568865561325 0.004686081874496734 0.002095345774003955 0.002365701917608434 0.0029479395332385507 0.04266643050866616 0.023208476414391114 0.07280262053901757 0.008707054826530348 0.0049970524204820685 0.06944042791524967 0.004908029448385661 0.05608038788099754 0.004763568964528451 0.0032634690091293017 0.130894802313826 0.023851119982614674 0.11540761747042501 0.005498938868534518 0.017372474854303155 0.0342169033191102 0.03688456265150483 0.10860482844668772 0.16898036630490423
5.347954836029096E-7 0.1271284050345071 0.005592295958513311 0.002547433760363224 0.042169606961477604 0.020961534679271917 0.006487129997545241 0.4133038920326965 0.011581874709211222 0.015062031700024148 0.009239316697762798 5.393917656699384E-5 0.004307544553057667 0.004659971542173015 0.006078325957830709 0.0026157557065037765 0.03922085690310744 0.0012914251668840583 0.008197896781797526 0.007393139298714444 0.25449163967542887 0.005179506998036916 0.007311013278625952 0.0022563162515441804 0.0028686123828718037
1.0547345641368273E-7 8.895888046898729E-4 6.668937264166379E-4 0.0013446578433338376 5.039377840695201E-4 0.007968876766255696 0.003639658682244997 0.3862712677136331 5.993432414469702E-4 0.0012543314418405236 0.013801853589612435 9.791895758575751E-6 7.383010111322807E-4 0.02460511702646048 0.0010293431961346019 0.00951099578767315 0.4511387853531795 1.5954751443997674E-4 0.0026252555728914205 9.418018016513565E-4 0.0027449181969003704 7.501627422615068E-4 0.06158287729089795 3.183576895685143E-4 0.026904229854049843
6.002076216242417E-8 0.6445342732908191 6.297283854387394E-4 5.962294626818831E-4 2.7030202467828935E-4 0.03869468017866707 0.005442839324535741 0.002232093481648663 4.782722079491416E-4 0.0018323575285046864 0.0029152442133327833 5.915552582537101E-6 0.0012289046397411397 0.2643612928171549 9.546740443333012E-4 4.680501601567859E-4 0.0019233064602986307 0.0050114757242959475 0.0016185583603912706 0.00569297450115817 0.00808221686652939 5.336779963845607E-4 0.012129785360673067 1.0643716378662505E-4 2.566502334955028E-4
1.1201251360367553E-6 0.02175165620169868 0.007174259686068577 0.0041612076834056004 0.013457347204906614 0.00666425193452694 0.17025391706514734 0.13349522286101845 0.03832592072426739 0.009412538314994072 0.0853403833806121 1.1341161603166824E-4 0.030439490880688 0.004343788549468218 0.06107105472731954 0.011715227324063349 0.03144294449657282 0.003754436265006788 0.01287654334758097 0.024971578372680596 0.20743548026453468 0.01883695631990583 0.003887938245107999 0.003815562418357159 0.09525776199090046
5.722458661117442E-7 0.005934896542430187 0.0037641194577808118 0.0021062420264816198 0.13751037288934279 0.00593626272301491 0.0038069151319639043 0.004624877833486338 0.006800718229849267 0.006171453009248477 0.0029429545879261173 0.1151540146968782 0.002570882020011384 0.050367734665597394 0.004457998648324756 0.0033240817064657943 0.004824798280698604 0.010703964627072009 0.023321946621478958 0.00884830094401766 0.004075179792776107 0.29403181629540903 0.0018213991939081305 0.07007275080576829 0.22682574702420305
2.6318664223773606E-7 0.0049697831875331775 0.012691384325406719 0.0019235824433691691 0.14371525439002397 0.008184323590146262 0.0033190114323135614 0.006038486582288563 0.002650844360466099 0.00747742029782378 0.0023313514233862125 2.6246784222829564E-5 0.0025140278276661243 0.002836858181018277 0.003357730872364269 0.004369759089804842 0.02747999413856371 0.061024872347379064 0.002646080565613314 0.02794509258211097 0.04668421461682643 0.5395771501546082 0.0018135673829231533 0.005559209484783095 0.08086349075271605
4.99021027067198E-7 0.005783441082534563 0.004159897969940665 0.045155967784976415 0.0013922060534350608 0.06327157277761783 0.0029523688804596617 0.011131367342820168 0.004183261138460835 0.6365632569547395 0.0021971120938778245 4.606884054520474E-5 0.0026901210649826796 0.0012826544533920624 0.005393768016495686 0.0021171682602823794 0.007746421751642682 6.94799207965477E-4 0.049926902700131406 0.13594128233834332 0.005357759177102645 0.002664585401272027 0.0015693489600804716 0.0049661491084147455 0.002812019619459708
7.140004935836045E-8 0.006008119230781264 0.007246576690021453 0.0015607948696201202 0.04383139572900929 0.020557747540271596 0.018486493895992835 0.5595214187872508 0.012950943683982299 0.014713974823479777 0.00429490860261166 7.217714301361551E-6 0.005796054130919622 0.010279350331907005 0.0024464743887397536 0.004293360944792474 0.01769673738933855 8.677146175159683E-4 0.0374866352040399 0.10870941583683084 0.0927637574341865 0.006093916337020982 0.010339507523581214 0.0016692546640011483 0.012378158229754245
0.09280687079929975 0.02233100448354154 0.15339130904895362 0.0013613069408050368 0.0012678661483446884 0.01944459432957357 0.22445900929902882 0.045202893777998285 0.003500999614825398 0.0030555562464873913 0.03925813257758595 1.7761338321215337E-5 0.03225089179205938 0.07694120872601268 0.004288493287323396 9.394705260902362E-4 0.07075958423723208 0.05619258492248919 0.07391458359037761 0.008063633361449232 0.054832761275346566 0.003764825329072059 0.0036750807350866338 0.00618788836095337 0.002091689251742254
8.316351826607307E-8 4.2050318373068374E-4 4.640888346440703E-4 5.926478353563241E-4 2.770979798398346E-4 0.9725335859553446 5.207882427136249E-4 4.891441488488475E-4 5.38617217178606E-4 0.018039819816933526 6.447442023506405E-4 7.937839682878134E-6 6.634842415676657E-4 3.052794350168766E-4 5.168228587475027E-4 4.782431161831587E-4 6.407698186346599E-4 8.021857989575203E-5 3.2587904535453133E-4 5.287916105950584E-4 7.011596087893644E-4 4.685642102353514E-4 2.660117072253847E-4 1.3513710575312375E-4 3.6058024185994477E-4
5.606337841887435E-6 0.03149432659626631 0.0366200880687531 0.01993341337707997 0.012133638232937746 0.0184708592889507 0.023139104703546024 0.09407509038075328 0.021301751335857502 0.020620907562658462 0.05353089937922068 5.00448686972311E-4 0.06634337154209148 0.014430761771437685 0.04237651496403623 0.20683625068554598 0.046610209994494924 0.003313422151288969 0.012174168950195735 0.0616136863572547 0.038938919138305585 0.025322627790589466 0.021514587225776323 0.00829794502771886 0.12040140045042595
7.809745314620498E-8 5.176999497329679E-4 8.211557409201469E-4 4.1814931733400265E-4 0.0076894134517353965 5.188035000567278E-4 0.004120349856489246 3.785619407299886E-4 0.9467588254522687 5.14756846919453E-4 0.0011618547408848864 0.02377229273764637 0.006630960165432617 8.551020845727198E-4 3.9998400328723706E-4 6.810333953857645E-4 3.6831726495205563E-4 7.579517286686247E-5 6.342396816371495E-4 4.93010990915586E-4 5.995927632163091E-4 6.884104644659775E-4 0.0012036782864699618 3.698042080295741E-4 3.2812988659723094E-4
8.416226581624342E-7 0.0029305809689731854 0.003677629327493567 0.004614041080188306 0.004440458831212957 0.00376358474343249 0.22091914112005998 0.0027096224514533223 0.025058096350929388 0.003949509643511461 0.5608247003815219 8.775042248402918E-5 0.045215374586286064 0.0017903812451154724 0.004567229644253096 0.003635335007701422 0.0023646785255132625 4.544696879884177E-4 0.0016960717100197777 0.0024785655848124995 0.0023554405829814876 0.0034178592055050883 0.09642625695309084 7.937458335902914E-4 0.0018286344892236826
5.0127003273430316E-8 0.0022265629609024952 7.427956046513648E-4 0.001460939342149734 0.022313473840268754 0.0012987556638739241 0.29467218355455405 0.0013605150303611945 0.03979017138292972 9.32005075226867E-4 4.030398809924808E-4 0.5645478078712702 0.00111863232029384 2.981961517070287E-4 4.6973735649946864E-4 6.359200926080206E-4 9.483942350764881E-4 9.424585841017763E-5 5.315959242864236E-4 0.004932040510586335 8.300645938184993E-4 0.051041732425825 0.0015375499070973855 2.3377821176528692E-4 0.0075798120778418675
2.094110664192358E-6 0.0163281502313573 0.010748241718170766 0.03791643731034619 0.010605873797007793 0.010170638926326614 0.013946312237080425 0.21996755926433312 0.00927957474283492 0.010863442952444307 0.013124249993903714 1.8978799122189337E-4 0.008003651091520106 0.08768209137014135 0.030959753381444372 0.009738629999608471 0.08663774688201686 0.012449267764145396 0.00957121885769202 0.14780273444502937 0.020928748045722072 0.014154422922390296 0.010623641635638661 0.010857435209250836 0.19744829511970904
6.955368960800211E-8 0.010057855376813068 0.41926247567152236 8.826151297570492E-4 0.014900496143210798 0.017070060383572574 0.2104730204050536 0.004305544239753259 0.020253912574656006 0.005156937538345431 0.004630387333547804 0.008464313907609423 0.008781320441300717 0.028096717391120938 0.007479630235786788 0.0010580865699592672 0.04313469729868007 0.00394904098742522 0.0017996673187823027 0.061842775607109546 0.001296422437172953 0.05512958453843953 0.015483535974549344 0.0021811734132834927 0.05430965952885877
0.1759214213212862 0.02391201914855513 0.15414559574073794 0.003168467504415418 0.0038317295360842194 0.018764317610407026 0.096414406517225 0.0495732855528284 0.08903123357237397 0.006012414484800606 0.056902116019729033 7.12873962027915E-5 0.010858943956846705 0.04619392225951801 0.014056887530522885 0.004099338278542195 0.021134595730605252 0.08467124710080268 0.0036185419091921372 0.016802946748221134 0.01190863709131186 0.004433070729257948 0.09886935949033865 0.002041699259458129 0.0035625155107369415
1.071628514701953E-6 0.15647211358131657 0.007348640048878783 0.005006077000647229 0.005280702736112956 0.012269227994835274 0.0173273295348337 0.12885103083895416 0.006667241597804614 0.011221483150227283 0.0071259300136015495 9.972512285604668E-5 0.005232155528491453 0.021080801842311942 0.012688252467310727 0.005937312885940333 0.03887859200587829 0.009435185358405821 0.010650260198030167 0.2767063517577886 0.2039549035854201 0.007663279678640287 0.009069495696368248 0.0026572171859624363 0.03837561856086891
8.41953629331461E-7 0.06460681454768283 0.0060924941040303585 0.0030522709987224447 0.029324514247331394 0.006652772024483966 0.007718402236192015 0.014576628268682414 0.0038798699280440828 0.014653553215993938 0.01922262190813061 8.21924784939288E-5 0.007517389222297403 0.12044909496383303 0.1709005752830598 0.008363333527524348 0.12827660443503763 0.005366420315610003 0.0037710341360040265 0.0317067739576856 0.11434303460151005 0.004848513046711311 0.003288882972042308 0.0032925544450191184 0.228012813182248
9.343654449923774E-7 0.005244041185315176 0.07893620947303011 0.0020715470215416625 0.0068808855361350875 0.004557545670647226 0.4785344593867828 0.0038103834270770184 0.006154369905276957 0.003447154236955356 0.07942519190538054 9.076184827420596E-5 0.015240870917006289 0.21725127376859532 0.046975152235453524 0.003058049230000764 0.004049480477102723 0.018066441443663435 0.00242474154400269 0.0036231496220469343 0.008661516882762883 0.004020415452961056 0.0034105098691857632 0.0019270798768847928 0.0021378347184723167
2.498568727594623E-6 0.010748910178194005 0.011294184615523572 0.00926919774158574 0.011643559456398377 0.012962443943000756 0.015234162685482267 0.0113398915623597 0.009463343502184418 0.010757205186828614 0.0375893688222514 2.397601990417879E-4 0.010836971707281555 0.42607018764619753 0.279658221737615 0.010953401634990536 0.015407250521915397 0.0019474009818272182 0.041682163848689655 0.011038817277244099 0.0198413390663973 0.010110411708978435 0.005915140836882178 0.01390361766715807 0.01209054890324457
6.600099305001969E-6 0.032920863605944456 0.03754982283131184 0.019779305446514656 0.011553764638692504 0.03325752493038878 0.029659301790582987 0.3202396856608937 0.04444353657918377 0.045803100992951394 0.02817375798700056 6.035424564512392E-4 0.032852190932933095 0.010649309544205178 0.032473762293075026 0.016785058116223325 0.06383988366097847 0.0036537788128491065 0.01687244154432242 0.07075178076454874 0.024123294862487623 0.05570566884573016 0.009721245478899186 0.02403774522467849 0.0345430328998483
0.08997676410023228 0.008917499991536015 0.007037058052303686 0.0051966058735926635 0.14095327800929452 0.003944778647700981 0.03745634747163242 0.19153312183703736 0.009336368751213724 0.003930214795259174 0.012403574517258325 6.10686839280954E-5 0.004456454015330489 0.0030827041800636926 0.02178498760735769 0.02845172367484193 0.02131651820816318 0.02476293274044605 0.004756365363631476 0.3208130616193037 0.005396275068244212 0.022720323678105926 0.0030429766437525233 0.00626301697590904 0.022405979493860972
7.475829338150278E-7 0.00876113855332759 0.006991466880197267 0.010190384526326495 0.004300367227826502 0.023746089482310453 0.012519648742037757 0.018796811961255076 0.029865000985425442 0.010674417876304174 0.003952284438157987 7.186124396882642E-5 0.009021082645646798 0.0022888926937594516 0.0278439661968441 0.4506807856713189 0.022307198138365663 0.02516936570405327 0.006271383718613038 0.04157518517238953 0.13101257355473128 0.03713565444863182 0.010749285272309233 0.0017370092823068989 0.10433739800095876
5.703413888637912E-6 0.02557326876846981 0.015277814736191431 0.03344104673555733 0.014034181799094825 0.03639888898153541 0.012936848931773604 0.05215381409714937 0.011931673445413673 0.018384412526341765 0.015680655279773612 4.92492258966705E-4 0.010721186666957452 0.018111259431026802 0.018860323709076046 0.029486726578424535 0.13622072503242794 0.002896937892102299 0.010329099572218893 0.34649917223041987 0.11962798411637686 0.01563350269317126 0.0152794789385984 0.007254723582990542 0.03276807858205285
1.216896858808217E-6 0.017801089236852776 0.009572057808688528 0.0039535796772853715 0.0036939564923538643 0.025764315199188367 0.007613964219905928 0.15076075978504128 0.005807363026101631 0.011633711816572958 0.006426062327184278 1.1014901581004172E-4 0.007429078076998313 0.005086028867736808 0.011032025792668366 0.020019180608151537 0.06629383748630278 0.002077525529217947 0.004840704020172266 0.48851066997797216 0.12044608797315376 0.006258247917525199 0.003235453713046391 0.0027130197974090217 0.01891991473780183
8.226242849399367E-8 0.004165710333541206 0.001100476697751498 0.0010699222754718622 0.04530757745421505 0.011194771478390786 9.313457667867056E-4 0.0017949593679454673 9.038572538517276E-4 0.02274709647617982 0.0021727435738329373 8.332494077323956E-6 0.001367268726000005 0.02046911812228377 8.682885010785005E-4 0.29753696397157536 0.08628159810569115 0.062340565866941214 0.027707050408573103 0.02069497928341302 0.3425512713900256 0.0012905627802680905 0.04137618284214555 5.029820972108721E-4 0.00561629247032065
1.5475324933227095E-7 0.0036396559788311024 0.001914013585564875 0.0016453068986752133 0.027765916076595128 0.022117302280594296 0.0041977280624533675 0.20732632578529547 0.004191747234665843 0.00954473116963058 0.016808283231949116 1.559895024187515E-5 0.024618640301363348 0.08631535188486224 0.0044428989578969924 0.0025972399725185877 0.010720077055316675 8.905648440810329E-4 0.0018516529446272495 0.07392551041015402 0.4228046608558069 0.0024236063154673025 0.02881906201694652 6.830398960657435E-4 0.04074093053714704
1.8372286825840207E-7 0.003103367445914196 0.0029533056484630483 0.0013316961482524945 0.12047491715489933 0.0033996092635809236 0.0025811841868267596 0.0017085648141381379 0.002037453133432152 0.004403795394894302 0.0023398073872562567 1.8615666186662286E-5 0.20934819210656197 0.0895882896283255 0.0015482927038113358 0.017019258339411498 0.0032198759217099736 0.00251661110787109 0.0012657528097213852 0.005269356065724012 0.10494913892034807 0.18894928863614513 0.016811420814499954 0.010629508896970851 0.2045325140821867
1.7657116368077897E-7 0.009841129613073927 0.005421492207221336 0.0041581487329361904 0.052337697470054935 0.005897999326528035 0.08574032264483424 0.0037492769497447366 0.002599579798578432 0.008240425254213368 0.0104022369499405 1.774781282909301E-5 0.005268457010653685 0.1315072586122044 0.4838776114114443 0.008505718640885219 0.002931126085328337 0.0016922950689266859 0.003910211419537554 0.005478033616318647 0.005650112965841885 0.009022382730502876 0.0017524931864990093 0.038667677080841 0.11333038883989803
3.23345173199993E-7 0.005984571995548327 0.002377173969146318 0.005589242932653235 0.8677761322547926 0.0089370159391095 0.003163902633054168 0.0068217410195755895 0.00297282534275438 0.005371008193515134 0.011055668846704201 0.019828063520604008 0.0022777542572863883 0.0030175943934742434 0.002216830445537903 0.01504594676080001 0.007403616069075999 3.580570382646208E-4 0.0010255857321525975 0.003703456599330552 0.015636321698009697 0.002437462181171175 0.0016841168652894363 0.0017523833660442539 0.0035632046009322397
8.113263247031007E-6 0.02015065519881473 0.03334091811738868 0.01519855257922697 0.011479395406049453 0.02177020069289119 0.4579222307844346 0.026058033533398237 0.057190630575128645 0.01923724322430233 0.03983136226024736 7.187557340715636E-4 0.10667211601253151 0.00929371090320335 0.0236876453970812 0.024460674999661168 0.021007378142017027 0.003944093587012068 0.012897074657107243 0.02016268597629005 0.021700759108275267 0.020081976823190854 0.012677516105363273 0.006655383386747646 0.013852893532318528
1.806839195993038E-7 0.002726393230210726 0.00115931372898436 0.012975404182350075 0.0010177672319335944 0.02289555113886128 0.00200169863644184 0.043704052625598726 0.04439711418252072 0.009129719246673721 0.016186128105662372 1.8333403786193096E-5 0.7798015129227924 3.98650926147263E-4 0.0025301214363225724 0.020788719371898124 0.009995731755274495 1.2908302913319046E-4 6.977547191469028E-4 0.005678772631441543 0.020564854316340888 0.001419400838104932 6.417276620672405E-4 2.696981515673571E-4 8.723158428201015E-4
5.685984597088203E-7 0.0036326337183480877 0.0072278937329846 0.009453458145771546 0.054078330609738295 0.0028632910680909717 0.024776132821916416 0.009597478124352595 0.06290562533054901 0.006892043598865202 0.003604513310076215 0.2262230605151093 0.4178396462504741 0.001097434357679332 0.002348332139374504 0.004658650333990385 0.00316164635399359 3.4864202684875073E-4 0.0015647046231112426 0.0035788610682975083 0.0022434703181961188 0.14764880781137546 0.0014332364460181606 7.93617964906592E-4 0.002027920731472226
4.935567324478772E-7 0.009067989530706633 0.0041470304708912924 0.00221739166710853 0.024552235559746474 0.015541261218570657 0.0034466218413137426 0.004842209738169246 0.013342332300904635 0.006086822855409174 0.0034072099423167806 5.1380486492875836E-5 0.003010213731660576 0.11629491461819869 0.003939561917784087 0.00351916914837235 0.009219789734624173 0.009776451893000944 0.2036946592088854 0.011099697554992275 0.1491515064792037 0.0487983295529809 0.0017444979466539133 0.09131178992451881 0.2617364391207618
4.4880916038006906E-7 0.3414520228176022 0.028228889779492856 0.002885841120779594 0.007234216403866881 0.009307927329554296 0.03214214883156092 0.03910225470213387 0.002543079863485403 0.0052736655282332075 0.004282071835701272 4.4297831872707505E-5 0.003215904944716721 0.004236303142275041 0.01839008941771422 0.0024500694201411 0.0050154320906966345 7.315689742742141E-4 0.0016231878383974887 0.19983804787756645 0.2637414817245996 0.005826139696364392 0.0022418533433621927 0.008478194172129392 0.011714862504319043
5.120967318674175E-8 0.0016910774456648863 8.467471895690329E-4 4.351364351601243E-4 0.052762908329557406 0.0010592992675331416 0.12407101992608754 7.122785627348233E-4 0.001963989381256916 0.0013476264633826343 0.00476996810382892 0.6714175909581219 0.006764992072454771 0.010213528468658684 5.037375889119526E-4 0.0019096916512838444 0.0021639865131816206 2.2046890814956724E-4 5.400007793224023E-4 9.020553423840517E-4 0.0026290857694978675 0.001731459136586805 0.09881441685226235 0.0012143947885580172 0.011314488856177229
7.922599520145712E-7 0.039447046679143394 0.011754435959812251 0.00564208710101998 0.0044803018814916105 0.015315837429052044 0.008002841734369315 0.08130680696684243 0.006593851672947549 0.017689830011657286 0.005529515002461479 7.401248402900788E-5 0.006544938497711507 0.005598486806026478 0.011432933768384963 0.0620476373277614 0.18687679974467353 0.0013517913087425731 0.008633918032908302 0.3396769163373787 0.1156755281495376 0.022463455731646195 0.025468814654045997 0.0074756730822451035 0.010915747376159317
1.1594946459021958E-7 0.0016325976009128119 0.006525539773512993 0.001364755596169936 0.0026381151916703358 0.0015140667136233998 0.06465535487448293 0.0034026608519552434 4.834504197086223E-4 0.0030349808620066224 0.005403646085034396 1.158554022841172E-5 0.005847620513017172 0.1597437769993245 0.5383185632079571 0.005321211626337852 0.0018696920906961084 0.020663659595061765 0.026704223152596827 0.0030466028237432236 0.09526965819323328 0.0014194240773266395 9.91308176621249E-4 4.003510249772584E-4 0.04973703906033672
